Assets/600x600surface.asc
ncols 7198
nrows 15648
xllcorner 165100.000000000000
yllcorner 5628500.000000000000
cellsize 50.000000000000
NODATA_value -9999
[rows 0 to 31 of 50, columns 288 to 359 of 7198]
-13.46 -13.48 -13.5 -13.53 -13.56 -13.59 -13.6 -13.61 -13.61 -13.59 -13.58 -13.57 -13.56 -13.55 -13.55 -13.56 -13.57 -13.59 -13.61 -13.62 -13.63 -13.63 -13.62 -13.61 -13.6 -13.58 -13.55 -13.51 -13.47 -13.44 -13.42 -13.43 -13.44 -13.46 -13.48 -13.5 -13.52 -13.54 -13.56 -13.59 -13.6 -13.61 -13.61 -13.59 -13.57 -13.55 -13.53 -13.52 -13.51 -13.51 -13.5 -13.5 -13.5 -13.5 -13.5 -13.5 -13.48 -13.46 -13.44 -13.41 -13.38 -13.36 -13.33 -13.31 -13.29 -13.27 -13.25 -13.24 -13.23 -13.23 -13.24 -13.25
-13.94 -13.94 -13.94 -13.94 -13.94 -13.95 -13.97 -13.99 -13.99 -13.99 -13.98 -13.97 -13.96 -13.93 -13.9 -13.86 -13.82 -13.78 -13.76 -13.76 -13.76 -13.76 -13.76 -13.76 -13.76 -13.76 -13.77 -13.78 -13.79 -13.8 -13.82 -13.83 -13.84 -13.84 -13.83 -13.83 -13.81 -13.77 -13.73 -13.68 -13.63 -13.59 -13.56 -13.53 -13.5 -13.48 -13.46 -13.44 -13.42 -13.41 -13.39 -13.36 -13.32 -13.29 -13.25 -13.23 -13.21 -13.2 -13.19 -13.18 -13.19 -13.2 -13.22 -13.24 -13.26 -13.27 -13.29 -13.3 -13.3 -13.29 -13.28 -13.26
-14.08 -14.12 -14.16 -14.18 -14.21 -14.25 -14.3 -14.35 -14.38 -14.4 -14.4 -14.41 -14.4 -14.4 -14.4 -14.39 -14.38 -14.36 -14.33 -14.29 -14.24 -14.2 -14.17 -14.15 -14.15 -14.15 -14.17 -14.2 -14.23 -14.26 -14.29 -14.33 -14.36 -14.39 -14.4 -14.4 -14.4 -14.4 -14.39 -14.36 -14.32 -14.26 -14.2 -14.12 -14.04 -13.95 -13.85 -13.75 -13.66 -13.6 -13.56 -13.54 -13.52 -13.51 -13.5 -13.49 -13.48 -13.47 -13.47 -13.47 -13.48 -13.48 -13.49 -13.48 -13.47 -13.46 -13.44 -13.41 -13.41 -13.41 -13.43 -13.46
-13.95 -13.98 -14.01 -14.04 -14.05 -14.06 -14.07 -14.08 -14.09 -14.11 -14.13 -14.16 -14.18 -14.21 -14.23 -14.25 -14.27 -14.28 -14.29 -14.29 -14.29 -14.28 -14.27 -14.26 -14.26 -14.26 -14.26 -14.26 -14.27 -14.27 -14.29 -14.3 -14.3 -14.31 -14.32 -14.34 -14.36 -14.37 -14.38 -14.38 -14.37 -14.34 -14.32 -14.32 -14.31 -14.3 -14.27 -14.24 -14.22 -14.19 -14.15 -14.11 -14.08 -14.04 -14 -13.95 -13.9 -13.86 -13.84 -13.85 -13.86 -13.84 -13.82 -13.81 -13.82 -13.85 -13.9 -13.94 -13.99 -14.03 -14.07 -14.11
-15.06 -15.05 -15.01 -14.95 -14.91 -14.89 -14.86 -14.83 -14.8 -14.79 -14.78 -14.78 -14.78 -14.78 -14.79 -14.81 -14.81 -14.78 -14.74 -14.71 -14.68 -14.66 -14.63 -14.61 -14.59 -14.59 -14.61 -14.63 -14.64 -14.67 -14.7 -14.74 -14.77 -14.8 -14.83 -14.9 -14.98 -15.05 -15.1 -15.13 -15.18 -15.22 -15.27 -15.32 -15.35 -15.37 -15.38 -15.37 -15.34 -15.29 -15.27 -15.27 -15.27 -15.25 -15.23 -15.22 -15.23 -15.26 -15.29 -15.34 -15.4 -15.45 -15.51 -15.55 -15.58 -15.6 -15.62 -15.65 -15.66 -15.65 -15.61 -15.56
-16.28 -16.3 -16.36 -16.46 -16.55 -16.59 -16.62 -16.66 -16.69 -16.73 -16.78 -16.83 -16.87 -16.92 -16.98 -17.04 -17.1 -17.16 -17.23 -17.31 -17.37 -17.41 -17.43 -17.44 -17.45 -17.48 -17.53 -17.59 -17.66 -17.72 -17.77 -17.79 -17.78 -17.74 -17.7 -17.69 -17.72 -17.77 -17.82 -17.86 -17.9 -17.96 -18.01 -18.05 -18.08 -18.12 -18.18 -18.26 -18.36 -18.47 -18.56 -18.63 -18.69 -18.73 -18.71 -18.63 -18.56 -18.49 -18.45 -18.41 -18.37 -18.32 -18.32 -18.36 -18.39 -18.37 -18.34 -18.34 -18.34 -18.3 -18.24 -18.19
-14.41 -14.49 -14.56 -14.63 -14.7 -14.76 -14.82 -14.86 -14.9 -14.93 -14.96 -14.98 -15 -15.01 -15.03 -15.05 -15.08 -15.11 -15.15 -15.21 -15.27 -15.33 -15.39 -15.44 -15.49 -15.55 -15.61 -15.68 -15.75 -15.82 -15.89 -15.97 -16.03 -16.09 -16.14 -16.2 -16.28 -16.36 -16.45 -16.55 -16.66 -16.79 -16.91 -17.02 -17.12 -17.22 -17.33 -17.45 -17.55 -17.65 -17.74 -17.82 -17.9 -17.96 -18.01 -18.07 -18.14 -18.22 -18.28 -18.32 -18.35 -18.41 -18.52 -18.64 -18.76 -18.89 -19.04 -19.22 -19.41 -19.6 -19.8 -19.99
-14.1 -14.08 -14.06 -14.05 -14.04 -14.04 -14.04 -14.05 -14.06 -14.06 -14.06 -14.06 -14.06 -14.06 -14.07 -14.07 -14.07 -14.07 -14.06 -14.05 -14.05 -14.05 -14.05 -14.06 -14.08 -14.11 -14.17 -14.23 -14.3 -14.36 -14.42 -14.48 -14.54 -14.58 -14.62 -14.65 -14.67 -14.69 -14.7 -14.71 -14.74 -14.78 -14.85 -14.96 -15.06 -15.13 -15.22 -15.33 -15.46 -15.59 -15.73 -15.88 -16.04 -16.22 -16.37 -16.5 -16.64 -16.8 -16.94 -17.04 -17.11 -17.13 -17.16 -17.21 -17.27 -17.32 -17.36 -17.4 -17.45 -17.49 -17.53 -17.59
-13.99 -13.98 -13.97 -13.95 -13.92 -13.89 -13.86 -13.85 -13.84 -13.83 -13.81 -13.8 -13.79 -13.8 -13.81 -13.81 -13.82 -13.83 -13.84 -13.85 -13.85 -13.84 -13.83 -13.82 -13.8 -13.79 -13.77 -13.74 -13.72 -13.7 -13.7 -13.71 -13.73 -13.74 -13.75 -13.76 -13.77 -13.77 -13.79 -13.81 -13.82 -13.84 -13.85 -13.88 -13.9 -13.92 -13.92 -13.92 -13.92 -13.92 -13.92 -13.92 -13.94 -13.96 -14 -14.06 -14.14 -14.24 -14.34 -14.46 -14.56 -14.62 -14.65 -14.66 -14.67 -14.7 -14.73 -14.76 -14.84 -14.96 -15.11 -15.24
-14.11 -14.06 -14.02 -13.97 -13.93 -13.88 -13.83 -13.78 -13.74 -13.72 -13.71 -13.7 -13.7 -13.69 -13.68 -13.67 -13.67 -13.68 -13.68 -13.69 -13.68 -13.67 -13.65 -13.63 -13.62 -13.62 -13.62 -13.63 -13.65 -13.65 -13.65 -13.65 -13.63 -13.62 -13.6 -13.59 -13.58 -13.58 -13.59 -13.61 -13.63 -13.65 -13.66 -13.68 -13.69 -13.7 -13.72 -13.74 -13.75 -13.77 -13.77 -13.76 -13.75 -13.74 -13.73 -13.71 -13.7 -13.68 -13.66 -13.63 -13.61 -13.58 -13.55 -13.53 -13.5 -13.48 -13.47 -13.46 -13.46 -13.46 -13.49 -13.55
-14.32 -14.28 -14.24 -14.21 -14.17 -14.12 -14.07 -14.02 -13.97 -13.92 -13.88 -13.83 -13.79 -13.77 -13.76 -13.75 -13.73 -13.72 -13.71 -13.71 -13.71 -13.71 -13.71 -13.7 -13.68 -13.66 -13.63 -13.6 -13.57 -13.55 -13.54 -13.55 -13.55 -13.53 -13.51 -13.47 -13.44 -13.41 -13.38 -13.35 -13.34 -13.33 -13.32 -13.32 -13.32 -13.32 -13.33 -13.34 -13.37 -13.4 -13.44 -13.47 -13.51 -13.55 -13.57 -13.58 -13.57 -13.55 -13.53 -13.5 -13.46 -13.41 -13.36 -13.33 -13.31 -13.31 -13.32 -13.31 -13.31 -13.31 -13.31 -13.29
-14.26 -14.23 -14.2 -14.17 -14.14 -14.11 -14.08 -14.06 -14.05 -14.03 -14.01 -13.97 -13.94 -13.91 -13.88 -13.86 -13.83 -13.8 -13.78 -13.76 -13.74 -13.72 -13.69 -13.68 -13.67 -13.65 -13.64 -13.63 -13.62 -13.62 -13.63 -13.64 -13.64 -13.65 -13.64 -13.63 -13.62 -13.6 -13.58 -13.56 -13.54 -13.51 -13.48 -13.44 -13.4 -13.36 -13.34 -13.32 -13.31 -13.29 -13.28 -13.27 -13.27 -13.26 -13.26 -13.26 -13.26 -13.27 -13.29 -13.32 -13.34 -13.37 -13.39 -13.41 -13.43 -13.45 -13.44 -13.41 -13.36 -13.31 -13.26 -13.18
-14.43 -14.4 -14.37 -14.34 -14.31 -14.27 -14.23 -14.19 -14.15 -14.12 -14.1 -14.08 -14.06 -14.03 -14.01 -13.98 -13.96 -13.95 -13.93 -13.91 -13.89 -13.86 -13.84 -13.83 -13.82 -13.82 -13.81 -13.8 -13.79 -13.77 -13.75 -13.73 -13.71 -13.69 -13.67 -13.65 -13.63 -13.61 -13.6 -13.58 -13.57 -13.56 -13.55 -13.53 -13.52 -13.51 -13.48 -13.44 -13.4 -13.36 -13.32 -13.29 -13.26 -13.24 -13.23 -13.21 -13.19 -13.16 -13.13 -13.14 -13.15 -13.17 -13.19 -13.2 -13.22 -13.23 -13.24 -13.26 -13.27 -13.25 -13.24 -13.23
-14.49 -14.47 -14.46 -14.45 -14.45 -14.44 -14.43 -14.42 -14.41 -14.39 -14.37 -14.34 -14.32 -14.3 -14.29 -14.28 -14.26 -14.25 -14.24 -14.23 -14.21 -14.18 -14.14 -14.1 -14.06 -14.04 -14.02 -14 -13.97 -13.93 -13.89 -13.88 -13.87 -13.85 -13.83 -13.8 -13.75 -13.7 -13.64 -13.59 -13.54 -13.5 -13.48 -13.47 -13.46 -13.46 -13.46 -13.46 -13.46 -13.46 -13.45 -13.44 -13.4 -13.35 -13.29 -13.24 -13.2 -13.16 -13.13 -13.09 -13.06 -13.02 -12.99 -12.97 -12.95 -12.94 -12.93 -12.93 -12.94 -12.96 -12.97 -12.97
-13.73 -13.75 -13.76 -13.76 -13.75 -13.75 -13.77 -13.78 -13.79 -13.82 -13.87 -13.92 -13.95 -13.97 -13.97 -13.96 -13.94 -13.91 -13.9 -13.89 -13.88 -13.86 -13.84 -13.83 -13.82 -13.82 -13.82 -13.82 -13.83 -13.85 -13.87 -13.91 -13.92 -13.89 -13.85 -13.81 -13.77 -13.72 -13.67 -13.62 -13.57 -13.54 -13.51 -13.47 -13.44 -13.41 -13.39 -13.38 -13.37 -13.35 -13.32 -13.29 -13.26 -13.23 -13.21 -13.2 -13.19 -13.18 -13.16 -13.14 -13.1 -13.06 -13.01 -12.95 -12.89 -12.85 -12.82 -12.78 -12.74 -12.7 -12.66 -12.63
-13.25 -13.28 -13.31 -13.3 -13.27 -13.25 -13.23 -13.24 -13.26 -13.29 -13.33 -13.38 -13.43 -13.48 -13.52 -13.55 -13.58 -13.6 -13.62 -13.64 -13.66 -13.68 -13.71 -13.74 -13.78 -13.82 -13.86 -13.87 -13.86 -13.85 -13.83 -13.82 -13.81 -13.8 -13.77 -13.73 -13.71 -13.69 -13.69 -13.68 -13.67 -13.66 -13.65 -13.64 -13.63 -13.61 -13.59 -13.57 -13.55 -13.53 -13.51 -13.48 -13.45 -13.42 -13.38 -13.34 -13.29 -13.24 -13.2 -13.17 -13.15 -13.11 -13.06 -13.01 -12.96 -12.91 -12.83 -12.7 -12.59 -12.53 -12.5 -12.48
-13.02 -12.97 -12.93 -12.9 -12.89 -12.88 -12.9 -12.94 -12.98 -13.01 -13.04 -13.05 -13.06 -13.05 -13.04 -13.02 -13.01 -13.01 -13.03 -13.05 -13.05 -13.04 -13.02 -13.01 -13.03 -13.06 -13.12 -13.22 -13.32 -13.4 -13.45 -13.47 -13.49 -13.51 -13.54 -13.56 -13.57 -13.57 -13.57 -13.57 -13.56 -13.56 -13.57 -13.59 -13.62 -13.64 -13.65 -13.65 -13.64 -13.62 -13.59 -13.55 -13.5 -13.45 -13.41 -13.39 -13.37 -13.32 -13.28 -13.24 -13.21 -13.16 -13.12 -13.08 -13.03 -12.99 -12.96 -12.92 -12.9 -12.9 -12.88 -12.81
-12.62 -12.6 -12.59 -12.59 -12.61 -12.63 -12.66 -12.68 -12.69 -12.7 -12.69 -12.68 -12.67 -12.65 -12.65 -12.65 -12.66 -12.66 -12.64 -12.61 -12.57 -12.55 -12.55 -12.57 -12.58 -12.57 -12.55 -12.55 -12.58 -12.65 -12.74 -12.83 -12.92 -13 -13.07 -13.11 -13.14 -13.17 -13.19 -13.21 -13.23 -13.26 -13.29 -13.33 -13.36 -13.39 -13.41 -13.41 -13.41 -13.41 -13.4 -13.39 -13.38 -13.37 -13.36 -13.36 -13.36 -13.36 -13.36 -13.34 -13.32 -13.28 -13.23 -13.19 -13.14 -13.08 -13.03 -12.99 -12.95 -12.93 -12.9 -12.88
-12.18 -12.22 -12.25 -12.27 -12.27 -12.23 -12.19 -12.14 -12.11 -12.11 -12.13 -12.18 -12.23 -12.26 -12.25 -12.2 -12.15 -12.11 -12.08 -12.09 -12.14 -12.22 -12.26 -12.24 -12.22 -12.21 -12.22 -12.24 -12.27 -12.31 -12.36 -12.42 -12.49 -12.54 -12.59 -12.63 -12.68 -12.73 -12.78 -12.83 -12.86 -12.88 -12.87 -12.83 -12.78 -12.74 -12.75 -12.8 -12.86 -12.93 -13 -13.06 -13.12 -13.17 -13.21 -13.23 -13.24 -13.25 -13.26 -13.26 -13.25 -13.25 -13.24 -13.22 -13.2 -13.17 -13.12 -13.07 -13.01 -12.95 -12.89 -12.85
-11.6 -11.54 -11.55 -11.64 -11.78 -11.92 -12.02 -12.05 -12.04 -12.01 -11.99 -11.98 -11.98 -11.99 -12.01 -12.04 -12.07 -12.07 -12.04 -11.97 -11.92 -11.9 -11.93 -12.01 -12.13 -12.25 -12.34 -12.36 -12.36 -12.39 -12.43 -12.48 -12.52 -12.55 -12.58 -12.6 -12.62 -12.63 -12.64 -12.64 -12.63 -12.64 -12.64 -12.65 -12.66 -12.68 -12.71 -12.73 -12.75 -12.76 -12.76 -12.75 -12.74 -12.74 -12.74 -12.76 -12.79 -12.84 -12.9 -12.94 -12.96 -12.97 -12.97 -12.97 -12.96 -12.94 -12.92 -12.9 -12.88 -12.88 -12.87 -12.84
-12.04 -12 -11.97 -11.94 -11.93 -11.93 -11.96 -12.01 -12.07 -12.11 -12.12 -12.13 -12.13 -12.11 -12.07 -11.99 -11.9 -11.81 -11.69 -11.5 -11.33 -11.29 -11.33 -11.4 -11.47 -11.53 -11.58 -11.62 -11.63 -11.64 -11.64 -11.66 -11.71 -11.78 -11.87 -11.97 -12.06 -12.12 -12.15 -12.16 -12.18 -12.21 -12.25 -12.28 -12.3 -12.32 -12.35 -12.4 -12.45 -12.52 -12.6 -12.66 -12.72 -12.76 -12.8 -12.83 -12.85 -12.83 -12.78 -12.71 -12.63 -12.55 -12.49 -12.47 -12.47 -12.48 -12.48 -12.47 -12.45 -12.44 -12.44 -12.43
-11.67 -11.64 -11.62 -11.64 -11.68 -11.7 -11.69 -11.67 -11.63 -11.56 -11.45 -11.31 -11.19 -11.13 -11.14 -11.22 -11.35 -11.47 -11.58 -11.65 -11.7 -11.73 -11.68 -11.56 -11.4 -11.3 -11.29 -11.34 -11.43 -11.53 -11.61 -11.66 -11.67 -11.64 -11.59 -11.55 -11.5 -11.43 -11.34 -11.26 -11.22 -11.24 -11.28 -11.27 -11.24 -11.21 -11.2 -11.23 -11.31 -11.43 -11.59 -11.77 -11.94 -12.08 -12.17 -12.21 -12.21 -12.21 -12.21 -12.22 -12.24 -12.25 -12.27 -12.28 -12.29 -12.29 -12.27 -12.26 -12.24 -12.21 -12.17 -12.12
-11.72 -11.74 -11.75 -11.76 -11.77 -11.76 -11.73 -11.7 -11.66 -11.64 -11.63 -11.63 -11.65 -11.69 -11.71 -11.71 -11.71 -11.71 -11.72 -11.73 -11.74 -11.76 -11.77 -11.79 -11.82 -11.84 -11.85 -11.82 -11.75 -11.66 -11.53 -11.39 -11.25 -11.14 -11.13 -11.25 -11.42 -11.53 -11.6 -11.66 -11.69 -11.69 -11.68 -11.66 -11.63 -11.62 -11.63 -11.66 -11.72 -11.77 -11.82 -11.89 -11.95 -12.01 -12.06 -12.1 -12.13 -12.16 -12.17 -12.17 -12.18 -12.19 -12.22 -12.23 -12.23 -12.21 -12.14 -12.04 -11.94 -11.87 -11.8 -11.75
-11.64 -11.63 -11.62 -11.6 -11.58 -11.55 -11.5 -11.42 -11.33 -11.23 -11.16 -11.12 -11.1 -11.08 -11.03 -10.96 -10.91 -10.88 -10.87 -10.87 -10.88 -10.89 -10.9 -10.91 -10.94 -10.96 -10.96 -10.94 -11 -11.16 -11.35 -11.49 -11.54 -11.49 -11.32 -11.08 -10.83 -10.63 -10.58 -10.73 -10.98 -11.21 -11.38 -11.47 -11.5 -11.48 -11.45 -11.42 -11.38 -11.33 -11.28 -11.24 -11.22 -11.23 -11.23 -11.21 -11.19 -11.17 -11.16 -11.16 -11.16 -11.2 -11.28 -11.38 -11.47 -11.54 -11.6 -11.64 -11.67 -11.72 -11.76 -11.78
-11.76 -11.77 -11.78 -11.78 -11.77 -11.76 -11.74 -11.73 -11.7 -11.66 -11.62 -11.59 -11.58 -11.57 -11.57 -11.57 -11.59 -11.61 -11.64 -11.67 -11.68 -11.66 -11.63 -11.58 -11.55 -11.52 -11.5 -11.47 -11.43 -11.4 -11.37 -11.32 -11.16 -10.85 -10.59 -10.55 -10.68 -10.92 -11.19 -11.39 -11.48 -11.46 -11.37 -11.27 -11.17 -11.11 -11.09 -11.11 -11.17 -11.24 -11.33 -11.44 -11.55 -11.62 -11.66 -11.68 -11.67 -11.66 -11.64 -11.62 -11.6 -11.58 -11.57 -11.55 -11.51 -11.45 -11.38 -11.32 -11.26 -11.21 -11.17 -11.15
-11.64 -11.65 -11.66 -11.67 -11.68 -11.69 -11.71 -11.73 -11.74 -11.75 -11.76 -11.76 -11.76 -11.77 -11.77 -11.76 -11.76 -11.75 -11.74 -11.73 -11.7 -11.64 -11.53 -11.37 -11.2 -11.07 -10.93 -10.74 -10.56 -10.42 -10.31 -10.23 -10.2 -10.22 -10.38 -10.67 -10.99 -11.22 -11.37 -11.45 -11.47 -11.4 -11.27 -11.11 -11.03 -11.08 -11.19 -11.29 -11.37 -11.4 -11.4 -11.39 -11.36 -11.29 -11.21 -11.16 -11.17 -11.27 -11.39 -11.49 -11.58 -11.65 -11.69 -11.71 -11.72 -11.72 -11.72 -11.72 -11.72 -11.71 -11.71 -11.71
-11.26 -11.3 -11.33 -11.35 -11.37 -11.37 -11.37 -11.37 -11.37 -11.36 -11.36 -11.36 -11.35 -11.34 -11.3 -11.25 -11.17 -11.08 -11.04 -11.07 -11.14 -11.23 -11.35 -11.46 -11.56 -11.64 -11.68 -11.71 -11.73 -11.74 -11.73 -11.71 -11.68 -11.65 -11.6 -11.56 -11.52 -11.46 -11.38 -11.26 -11.11 -10.97 -10.87 -10.85 -10.89 -11 -11.14 -11.25 -11.31 -11.32 -11.29 -11.26 -11.24 -11.23 -11.25 -11.26 -11.26 -11.24 -11.22 -11.22 -11.23 -11.23 -11.23 -11.21 -11.2 -11.2 -11.25 -11.36 -11.47 -11.55 -11.6 -11.63
-10.54 -10.61 -10.67 -10.72 -10.77 -10.81 -10.84 -10.86 -10.87 -10.89 -10.92 -10.96 -11.01 -11.06 -11.11 -11.15 -11.2 -11.25 -11.31 -11.35 -11.41 -11.46 -11.52 -11.56 -11.6 -11.62 -11.64 -11.64 -11.62 -11.58 -11.52 -11.41 -11.27 -11.1 -10.86 -10.58 -10.33 -10.17 -10.17 -10.32 -10.57 -10.82 -11.02 -11.17 -11.28 -11.35 -11.39 -11.4 -11.41 -11.42 -11.42 -11.43 -11.44 -11.45 -11.46 -11.46 -11.43 -11.38 -11.29 -11.14 -10.93 -10.68 -10.53 -10.56 -10.67 -10.79 -10.88 -10.92 -10.92 -10.89 -10.87 -10.9
-9.44 -9.52 -9.59 -9.67 -9.74 -9.8 -9.86 -9.92 -9.96 -10 -10.04 -10.07 -10.11 -10.16 -10.21 -10.27 -10.33 -10.39 -10.46 -10.52 -10.58 -10.64 -10.71 -10.78 -10.84 -10.89 -10.9 -10.88 -10.84 -10.79 -10.73 -10.68 -10.63 -10.6 -10.62 -10.74 -10.93 -11.13 -11.31 -11.44 -11.54 -11.6 -11.63 -11.65 -11.64 -11.62 -11.59 -11.54 -11.47 -11.35 -11.19 -10.98 -10.74 -10.52 -10.36 -10.26 -10.21 -10.24 -10.32 -10.47 -10.63 -10.76 -10.83 -10.83 -10.79 -10.76 -10.73 -10.7 -10.67 -10.64 -10.62 -10.63
-8.25 -8.42 -8.57 -8.7 -8.82 -8.91 -9 -9.07 -9.15 -9.21 -9.27 -9.32 -9.36 -9.42 -9.5 -9.58 -9.66 -9.73 -9.79 -9.82 -9.84 -9.86 -9.89 -9.93 -10 -10.07 -10.13 -10.19 -10.25 -10.31 -10.37 -10.43 -10.47 -10.51 -10.54 -10.58 -10.63 -10.71 -10.79 -10.86 -10.93 -10.99 -11.03 -11.07 -11.1 -11.09 -11.01 -10.86 -10.73 -10.68 -10.7 -10.76 -10.85 -10.95 -11.04 -11.13 -11.17 -11.12 -11.02 -10.87 -10.75 -10.67 -10.63 -10.64 -10.66 -10.69 -10.69 -10.64 -10.59 -10.59 -10.63 -10.68
-6.64 -6.71 -6.8 -6.9 -7.02 -7.19 -7.37 -7.54 -7.72 -7.91 -8.09 -8.26 -8.43 -8.6 -8.73 -8.8 -8.86 -8.95 -9.02 -9.07 -9.11 -9.14 -9.18 -9.23 -9.29 -9.37 -9.45 -9.52 -9.57 -9.59 -9.61 -9.63 -9.65 -9.69 -9.74 -9.78 -9.82 -9.84 -9.87 -9.91 -9.98 -10.05 -10.13 -10.21 -10.27 -10.3 -10.31 -10.33 -10.34 -10.34 -10.33 -10.32 -10.34 -10.38 -10.42 -10.46 -10.51 -10.56 -10.59 -10.6 -10.59 -10.58 -10.57 -10.57 -10.56 -10.55 -10.53 -10.51 -10.48 -10.44 -10.37 -10.25
-6.73 -6.62 -6.52 -6.45 -6.39 -6.34 -6.31 -6.29 -6.31 -6.36 -6.5 -6.68 -6.85 -6.96 -7.03 -7.08 -7.14 -7.24 -7.37 -7.53 -7.73 -7.95 -8.15 -8.3 -8.42 -8.54 -8.66 -8.76 -8.85 -8.93 -9.01 -9.1 -9.2 -9.28 -9.35 -9.42 -9.49 -9.55 -9.58 -9.58 -9.57 -9.57 -9.58 -9.61 -9.64 -9.69 -9.75 -9.83 -9.9 -9.96 -10.01 -10.05 -10.09 -10.12 -10.13 -10.12 -10.11 -10.1 -10.09 -10.1 -10.13 -10.16 -10.2 -10.24 -10.26 -10.27 -10.28 -10.3 -10.28 -10.19 -10.02 -9.85
