Assets/600x600surface.asc
ncols 7198
nrows 15648
xllcorner 165100.000000000000
yllcorner 5628500.000000000000
cellsize 50.000000000000
NODATA_value -9999
[rows 0 to 31 of 50, columns 1800 to 1871 of 7198]
-16.3 -16.23 -16.16 -16.1 -16.05 -16.01 -15.96 -15.91 -15.84 -15.74 -15.63 -15.55 -15.49 -15.43 -15.38 -15.35 -15.34 -15.35 -15.36 -15.37 -15.35 -15.31 -15.25 -15.19 -15.13 -15.08 -15.03 -14.98 -14.93 -14.88 -14.85 -14.81 -14.75 -14.65 -14.52 -14.4 -14.29 -14.19 -14.09 -13.97 -13.82 -13.68 -13.55 -13.41 -13.33 -13.4 -13.64 -13.98 -14.34 -14.68 -14.96 -15.1 -15.15 -15.16 -15.16 -15.15 -15.14 -15.13 -15.11 -15.1 -15.09 -15.08 -15.08 -15.07 -15.07 -15.07 -15.07 -15.07 -15.07 -15.07 -15.07 -15.08
-15.3 -14.17 -16.1 -16.05 -16.01 -15.98 -15.95 -15.91 -15.87 -15.82 -15.77 -15.73 -15.7 -15.66 -15.62 -15.57 -15.54 -15.51 -15.49 -15.48 -15.47 -15.48 -15.5 -15.53 -15.54 -15.54 -15.52 -15.49 -15.46 -15.43 -15.42 -15.4 -15.37 -15.33 -15.29 -15.26 -15.21 -15.15 -15.07 -15 -14.94 -14.89 -14.87 -14.85 -14.85 -14.87 -14.91 -14.99 -15.08 -15.12 -15.14 -15.12 -15.07 -15.02 -14.97 -14.93 -14.91 -14.89 -14.88 -14.86 -14.84 -14.84 -14.83 -14.84 -14.85 -14.86 -14.88 -14.88 -14.89 -14.9 -14.92 -14.95
-12.94 -12.92 -12.9 -12.89 -15.97 -15.98 -15.96 -15.93 -15.9 -15.88 -15.87 -15.85 -15.83 -15.79 -15.74 -15.67 -15.58 -15.52 -15.47 -15.42 -15.35 -15.28 -15.19 -15.1 -15.02 -14.91 -14.77 -14.59 -14.39 -14.21 -14.05 -13.92 -13.82 -13.76 -13.7 -13.64 -13.61 -13.61 -13.67 -13.77 -13.93 -14.12 -14.31 -14.49 -14.66 -14.81 -14.97 -15.12 -15.22 -15.24 -15.22 -15.19 -15.15 -15.1 -15.05 -14.99 -14.94 -14.89 -14.84 -14.8 -14.77 -14.75 -14.73 -14.72 -14.72 -14.71 -14.71 -14.71 -14.71 -14.73 -14.76 -14.78
-13.21 -13.17 -13.14 -13.12 -13.09 -13.07 -15.25 -15.34 -15.42 -15.5 -15.57 -15.64 -15.69 -15.72 -15.75 -15.77 -15.79 -15.79 -15.78 -15.73 -15.66 -15.58 -15.5 -15.45 -15.4 -15.37 -15.34 -15.31 -15.3 -15.32 -15.34 -15.34 -15.33 -15.3 -15.27 -15.24 -15.22 -15.21 -15.21 -15.21 -15.22 -15.21 -15.21 -15.21 -15.22 -15.22 -15.22 -15.23 -15.23 -15.23 -15.22 -15.21 -15.19 -15.17 -15.15 -15.14 -15.13 -15.13 -15.13 -15.13 -15.12 -15.1 -15.07 -15.04 -15.01 -14.98 -14.96 -14.93 -14.91 -14.9 -14.9 -14.91
-13.31 -13.29 -13.28 -13.27 -13.25 -13.24 -13.22 -13.2 -14.01 -14.19 -14.4 -14.61 -14.79 -14.94 -15.07 -15.16 -15.24 -15.32 -15.41 -15.51 -15.63 -15.75 -15.81 -15.81 -15.76 -15.72 -15.66 -15.61 -15.56 -15.52 -15.5 -15.47 -15.45 -15.43 -15.41 -15.4 -15.4 -15.4 -15.39 -15.38 -15.36 -15.32 -15.28 -15.24 -15.22 -15.21 -15.21 -15.2 -15.19 -15.17 -15.15 -15.12 -15.1 -15.08 -15.06 -15.07 -15.07 -15.07 -15.07 -15.06 -15.06 -15.06 -15.06 -15.06 -15.07 -15.07 -15.07 -15.07 -15.06 -15.05 -15.05 -15.05
-13.31 -13.28 -13.26 -13.25 -13.24 -13.23 -13.21 -13.2 -13.2 -13.19 -13.66 -13.65 -13.72 -13.87 -14.03 -14.14 -14.22 -14.33 -14.45 -14.55 -14.65 -14.73 -14.81 -14.89 -14.96 -15 -15.05 -15.11 -15.17 -15.22 -15.27 -15.3 -15.32 -15.34 -15.35 -15.35 -15.35 -15.34 -15.33 -15.31 -15.29 -15.28 -15.27 -15.26 -15.25 -15.23 -15.2 -15.15 -15.1 -15.05 -15.01 -14.98 -14.96 -14.95 -14.95 -14.95 -14.94 -14.93 -14.93 -14.94 -14.95 -14.97 -14.98 -14.99 -15 -15 -15 -14.99 -14.99 -14.99 -15 -15
-13.41 -13.38 -13.34 -13.31 -13.29 -13.28 -13.28 -13.28 -13.27 -13.24 -13.21 -13.17 -12.29 -12.43 -12.56 -12.66 -12.72 -12.76 -12.8 -12.83 -12.86 -12.94 -13.06 -13.2 -13.35 -13.48 -13.59 -13.7 -13.81 -13.95 -14.1 -14.24 -14.36 -14.48 -14.59 -14.68 -14.77 -14.85 -14.91 -14.96 -14.99 -15.01 -15.02 -15.03 -15.02 -15.01 -14.98 -14.94 -14.91 -14.9 -14.9 -14.91 -14.91 -14.92 -14.92 -14.94 -14.96 -14.99 -15.01 -15.02 -15.01 -15 -14.98 -14.97 -14.96 -14.95 -14.95 -14.94 -14.93 -14.92 -14.89 -14.85
-13.47 -13.46 -13.45 -13.44 -13.44 -13.42 -13.41 -13.4 -13.39 -13.37 -13.35 -13.32 -13.3 -13.27 -12.94 -13 -13.07 -13.15 -13.25 -13.36 -13.47 -13.55 -13.61 -13.69 -13.76 -13.82 -13.87 -13.92 -13.96 -14 -14.04 -14.07 -14.1 -14.13 -14.17 -14.23 -14.3 -14.37 -14.44 -14.52 -14.59 -14.65 -14.69 -14.71 -14.71 -14.71 -14.71 -14.7 -14.68 -14.67 -14.66 -14.64 -14.63 -14.61 -14.61 -14.63 -14.65 -14.67 -14.68 -14.69 -14.72 -14.76 -14.81 -14.86 -14.89 -14.92 -14.93 -14.93 -14.93 -14.93 -14.93 -14.93
-13.04 -13.03 -13.03 -13.04 -13.04 -13.03 -13.02 -13.01 -13 -12.99 -12.99 -12.98 -12.99 -13.01 -13.03 -13.05 -12.97 -12.93 -12.88 -12.84 -12.79 -12.74 -12.7 -12.68 -12.66 -12.63 -12.6 -12.62 -12.66 -12.7 -12.78 -12.89 -13.03 -13.2 -13.35 -13.49 -13.62 -13.7 -13.76 -13.8 -13.83 -13.87 -13.92 -13.98 -14.05 -14.11 -14.17 -14.22 -14.26 -14.3 -14.35 -14.4 -14.44 -14.48 -14.51 -14.53 -14.54 -14.54 -14.53 -14.55 -14.58 -14.61 -14.64 -14.68 -14.74 -14.81 -14.88 -14.93 -14.96 -14.97 -14.98 -14.97
-13.32 -13.29 -13.27 -13.25 -13.23 -13.22 -13.21 -13.21 -13.2 -13.19 -13.18 -13.18 -13.18 -13.17 -13.15 -13.14 -13.11 -13.08 -13.01 -12.99 -12.94 -12.87 -12.78 -12.7 -12.64 -12.59 -12.55 -12.5 -12.46 -12.44 -12.43 -12.44 -12.45 -12.47 -12.49 -12.5 -12.52 -12.54 -12.58 -12.68 -12.77 -12.84 -12.92 -13.03 -13.15 -13.27 -13.37 -13.45 -13.52 -13.62 -13.71 -13.79 -13.86 -13.93 -14.01 -14.09 -14.16 -14.24 -14.31 -14.35 -14.38 -14.37 -14.36 -14.35 -14.36 -14.38 -14.4 -14.45 -14.49 -14.53 -14.57 -14.61
-13.21 -13.21 -13.19 -13.16 -13.13 -13.1 -13.07 -13.03 -12.99 -12.97 -12.96 -12.95 -12.93 -12.91 -12.88 -12.85 -12.82 -12.76 -12.69 -12.62 -12.56 -12.54 -12.52 -12.49 -12.46 -12.42 -12.39 -12.37 -12.35 -12.35 -12.39 -12.46 -12.52 -12.53 -12.51 -12.48 -12.46 -12.46 -12.48 -12.5 -12.5 -12.47 -12.47 -12.54 -12.65 -12.76 -12.85 -12.94 -13.02 -13.1 -13.18 -13.25 -13.32 -13.36 -13.41 -13.48 -13.54 -13.61 -13.66 -13.71 -13.76 -13.81 -13.88 -13.97 -14.07 -14.14 -14.2 -14.24 -14.26 -14.27 -14.27 -14.27
-12.75 -12.73 -12.71 -12.7 -12.69 -12.68 -12.66 -12.64 -12.61 -12.58 -12.55 -12.54 -12.53 -12.53 -12.53 -12.52 -12.51 -12.5 -12.47 -12.44 -12.39 -12.35 -12.19 -12.22 -12.26 -12.29 -12.3 -12.3 -12.29 -12.28 -12.26 -12.24 -12.22 -12.21 -12.21 -12.22 -12.26 -12.34 -12.41 -12.44 -12.44 -12.42 -12.4 -12.41 -12.44 -12.46 -12.49 -12.52 -12.55 -12.58 -12.61 -12.63 -12.66 -12.67 -12.7 -12.75 -12.82 -12.88 -12.95 -13.02 -13.11 -13.19 -13.27 -13.36 -13.44 -13.52 -13.59 -13.65 -13.71 -13.78 -13.86 -13.95
-12.52 -12.48 -12.46 -12.43 -12.39 -12.33 -12.27 -12.22 -12.18 -12.16 -12.13 -12.11 -12.09 -12.06 -12.03 -12 -11.98 -11.96 -11.93 -11.91 -11.87 -11.84 -11.82 -11.83 -12.21 -12.13 -12.01 -11.84 -11.7 -11.68 -11.71 -11.73 -11.76 -11.78 -11.79 -11.77 -11.75 -11.75 -11.74 -11.71 -11.66 -11.59 -11.51 -11.44 -11.4 -11.42 -11.53 -11.73 -11.94 -12.11 -12.22 -12.29 -12.32 -12.33 -12.33 -12.36 -12.41 -12.47 -12.54 -12.61 -12.68 -12.74 -12.78 -12.81 -12.83 -12.86 -12.91 -12.97 -13.06 -13.15 -13.24 -13.32
-12.68 -12.62 -12.56 -12.51 -12.45 -12.39 -12.34 -12.28 -12.22 -12.16 -12.09 -12.04 -11.99 -11.95 -11.93 -11.93 -11.93 -11.91 -11.89 -11.88 -11.87 -11.86 -11.85 -11.84 -11.83 -11.82 -12.17 -12.19 -12.19 -12.18 -12.17 -12.18 -12.19 -12.2 -12.2 -12.2 -12.2 -12.18 -12.16 -12.14 -12.13 -12.13 -12.14 -12.16 -12.16 -12.12 -12.06 -12 -11.93 -11.85 -11.76 -11.67 -11.6 -11.55 -11.51 -11.49 -11.47 -11.43 -11.38 -11.34 -11.31 -11.3 -11.27 -11.23 -11.21 -11.26 -11.33 -11.4 -11.45 -11.49 -11.52 -11.57
-12.77 -12.7 -12.63 -12.57 -12.51 -12.45 -12.41 -12.36 -12.32 -12.26 -12.22 -12.18 -12.13 -12.08 -12.03 -11.97 -11.93 -11.89 -11.86 -11.82 -11.78 -11.75 -11.73 -11.71 -11.69 -11.67 -11.67 -11.67 -12.19 -12.23 -12.25 -12.26 -12.26 -12.24 -12.23 -12.23 -12.22 -12.23 -12.22 -12.18 -12.13 -12.08 -12.04 -12 -11.92 -11.8 -11.68 -11.6 -11.55 -11.52 -11.52 -11.55 -11.58 -11.57 -11.55 -11.52 -11.49 -11.48 -11.46 -11.44 -11.42 -11.4 -11.38 -11.39 -11.42 -11.48 -11.55 -11.6 -11.62 -11.61 -11.58 -11.53
-13.02 -12.98 -12.94 -12.89 -12.82 -12.73 -12.63 -12.53 -12.44 -12.35 -12.26 -12.17 -12.1 -12.04 -12 -11.97 -11.95 -11.93 -11.9 -11.85 -11.81 -11.77 -11.74 -11.72 -11.69 -11.67 -11.64 -11.64 -11.65 -11.67 -12.51 -12.51 -12.51 -12.51 -12.52 -12.53 -12.54 -12.57 -12.59 -12.6 -12.57 -12.52 -12.42 -12.28 -12.12 -11.95 -11.78 -11.62 -11.46 -11.32 -11.22 -11.18 -11.19 -11.23 -11.3 -11.37 -11.45 -11.55 -11.64 -11.71 -11.75 -11.76 -11.76 -11.75 -11.7 -11.62 -11.51 -11.38 -11.28 -11.21 -11.21 -11.26
-13.39 -13.3 -13.24 -13.18 -13.12 -13.03 -12.95 -12.86 -12.77 -12.69 -12.61 -12.52 -12.42 -12.33 -12.25 -12.17 -12.09 -12 -11.92 -11.84 -11.77 -11.72 -11.67 -11.64 -11.61 -11.6 -11.59 -11.59 -11.59 -11.59 -11.6 -11.58 -11.66 -11.66 -11.68 -11.71 -11.74 -11.77 -11.8 -11.84 -11.89 -11.94 -11.99 -12.03 -12.05 -12.04 -12.01 -11.98 -11.96 -11.96 -11.97 -12.01 -12.04 -12.05 -12.04 -12.01 -11.97 -11.92 -11.87 -11.82 -11.78 -11.76 -11.73 -11.7 -11.68 -11.67 -11.67 -11.68 -11.69 -11.71 -11.72 -11.72
-13.56 -13.46 -13.38 -13.31 -13.23 -13.12 -13.01 -12.92 -12.83 -12.73 -12.64 -12.56 -12.49 -12.43 -12.35 -12.25 -12.14 -12.04 -11.96 -11.92 -11.89 -11.87 -11.85 -11.84 -11.83 -11.82 -11.81 -11.8 -11.8 -11.79 -11.77 -11.72 -11.66 -11.61 -11.62 -11.65 -11.68 -11.69 -11.68 -11.65 -11.63 -11.62 -11.64 -11.67 -11.73 -11.84 -11.93 -11.99 -12.02 -12.05 -12.09 -12.12 -12.13 -12.11 -12.08 -12.07 -12.08 -12.07 -12.05 -12.02 -11.98 -11.92 -11.88 -11.85 -11.84 -11.84 -11.84 -11.85 -11.87 -11.88 -11.88 -11.89
-16.52 -15.18 -14.24 -13.67 -13.37 -13.2 -13.1 -12.98 -12.83 -12.7 -12.6 -12.53 -12.48 -12.43 -12.4 -12.38 -12.36 -12.32 -12.27 -12.2 -12.13 -12.06 -12 -11.95 -11.92 -11.89 -11.86 -11.84 -11.82 -11.8 -11.77 -11.72 -11.65 -11.6 -11.54 -11.5 -11.37 -11.43 -11.49 -11.54 -11.57 -11.6 -11.63 -11.66 -11.7 -11.74 -11.78 -11.82 -11.85 -11.86 -11.85 -11.8 -11.71 -11.6 -11.49 -11.43 -11.4 -11.39 -11.38 -11.35 -11.34 -11.33 -11.34 -11.38 -11.42 -11.47 -11.53 -11.61 -11.71 -11.81 -11.89 -11.94
-35.97 -33.81 -30.94 -27.73 -24.37 -21.06 -18.15 -16.03 -14.62 -13.9 -13.49 -13.1 -12.73 -12.46 -12.24 -12.07 -11.95 -11.87 -11.81 -11.76 -11.72 -11.68 -11.65 -11.63 -11.61 -11.57 -11.53 -11.49 -11.47 -11.45 -11.45 -11.46 -11.46 -11.45 -11.43 -11.38 -11.33 -11.29 -10.93 -10.93 -10.96 -11.01 -11.05 -11.08 -11.08 -11.07 -11.05 -11.03 -11.05 -11.12 -11.22 -11.33 -11.44 -11.54 -11.62 -11.67 -11.7 -11.71 -11.71 -11.73 -11.74 -11.76 -11.79 -11.81 -11.83 -11.84 -11.84 -11.84 -11.84 -11.83 -11.82 -11.81
-40.46 -40.11 -39.65 -39.1 -38.4 -37.55 -36.51 -35.29 -33.97 -32.71 -31.43 -29.95 -28.3 -26.2 -23.44 -20.38 -17.55 -15.17 -13.3 -12.1 -11.46 -11.11 -10.95 -10.88 -10.84 -10.8 -10.78 -10.77 -10.77 -10.75 -10.74 -10.73 -10.72 -10.72 -10.74 -10.75 -10.77 -10.79 -10.8 -10.81 -11.28 -11.31 -11.27 -11.22 -11.16 -11.11 -11.08 -11.06 -11.04 -11.05 -11.06 -11.09 -11.11 -11.1 -11.1 -11.16 -11.24 -11.35 -11.44 -11.5 -11.53 -11.52 -11.54 -11.61 -11.69 -11.73 -11.75 -11.75 -11.75 -11.74 -11.73 -11.7
-41.81 -41.78 -41.74 -41.72 -41.7 -41.66 -41.5 -41.16 -40.69 -40.23 -39.86 -39.58 -39.22 -38.67 -37.84 -36.74 -35.48 -33.89 -31.38 -27.95 -24.28 -20.83 -17.96 -15.61 -13.73 -12.38 -11.55 -11.04 -10.79 -10.68 -10.65 -10.64 -10.63 -10.64 -10.64 -10.65 -10.65 -10.66 -10.67 -10.69 -10.71 -10.75 -10.52 -10.58 -10.64 -10.67 -10.69 -10.71 -10.73 -10.78 -10.82 -10.87 -10.92 -10.97 -11.04 -11.11 -11.19 -11.26 -11.31 -11.34 -11.38 -11.41 -11.43 -11.45 -11.45 -11.41 -11.36 -11.34 -11.33 -11.35 -11.36 -11.38
-39.67 -40.51 -41.13 -41.58 -41.89 -42.11 -42.26 -42.34 -42.31 -42.18 -42 -41.84 -41.67 -41.48 -41.3 -41.11 -40.91 -40.61 -40.16 -39.55 -38.84 -37.97 -36.87 -35.34 -33.21 -30.49 -27.49 -24.1 -20.62 -17.31 -14.71 -13.07 -12.19 -11.71 -11.42 -11.24 -11.15 -11.11 -11.1 -11.08 -11.08 -11.11 -11.13 -11.13 -10.56 -10.61 -10.67 -10.74 -10.8 -10.83 -10.85 -10.86 -10.88 -10.91 -10.95 -10.98 -11.02 -11.04 -11.04 -11.04 -11.04 -11.05 -11.08 -11.09 -11.09 -11.08 -11.07 -11.06 -11.06 -11.07 -11.07 -11.08
-22.77 -26.34 -29.8 -32.84 -35.44 -37.44 -38.82 -39.82 -40.61 -41.25 -41.86 -42.39 -42.77 -42.97 -43.07 -43.11 -43.12 -43.11 -43.07 -42.99 -42.86 -42.61 -42.25 -41.77 -41.13 -40.24 -39.18 -37.9 -36.36 -34.43 -31.94 -28.62 -24.93 -21.35 -18.31 -16.24 -14.77 -13.59 -12.72 -12.15 -11.83 -11.69 -11.58 -11.47 -11.37 -11.32 -10.65 -10.63 -10.58 -10.56 -10.56 -10.58 -10.59 -10.59 -10.62 -10.67 -10.75 -10.82 -10.9 -10.96 -11.02 -11.07 -11.12 -11.15 -11.18 -11.19 -11.19 -11.18 -11.16 -11.12 -11.08 -11.02
-13.24 -13.48 -13.98 -14.77 -15.87 -17.53 -19.93 -23.25 -26.81 -30.14 -32.96 -35.24 -37.23 -39.08 -40.61 -41.48 -41.89 -42.04 -42.12 -42.22 -42.34 -42.48 -42.63 -42.81 -43.02 -43.28 -43.53 -43.69 -43.63 -43.23 -42.53 -41.6 -40.54 -39.37 -38.1 -36.61 -34.38 -31.22 -27.69 -24.39 -21.38 -18.88 -16.96 -15.6 -14.59 -13.76 -13.07 -12.54 -10.14 -10.27 -10.38 -10.46 -10.52 -10.57 -10.59 -10.59 -10.59 -10.57 -10.55 -10.54 -10.54 -10.55 -10.57 -10.6 -10.64 -10.68 -10.72 -10.76 -10.79 -10.83 -10.85 -10.89
-13.4 -13.39 -13.38 -13.37 -13.39 -13.45 -13.61 -13.93 -14.46 -15.45 -17.26 -19.98 -23.23 -26.66 -29.9 -32.63 -34.87 -36.63 -37.9 -38.68 -39.22 -39.7 -40.25 -40.85 -41.41 -41.82 -42.08 -42.23 -42.32 -42.36 -42.42 -42.5 -42.59 -42.64 -42.58 -42.34 -41.87 -41.19 -40.41 -39.57 -38.63 -37.75 -37 -36.22 -34.79 -32.34 -29.19 -25.8 -22.26 -18.91 -10.51 -10.51 -10.56 -10.63 -10.7 -10.74 -10.77 -10.78 -10.77 -10.75 -10.73 -10.72 -10.73 -10.74 -10.77 -10.81 -10.86 -10.93 -10.99 -11.05 -11.09 -11.11
-13.36 -13.35 -13.35 -13.36 -13.38 -13.39 -13.41 -13.42 -13.45 -13.5 -13.6 -13.78 -14.18 -14.91 -16.28 -18.53 -21.47 -24.7 -27.96 -31.05 -33.59 -35.15 -36.09 -36.65 -37.04 -37.41 -37.91 -38.62 -39.39 -40.13 -40.73 -41.22 -41.61 -41.9 -42.09 -42.18 -42.19 -42.16 -42.1 -41.99 -41.81 -41.54 -41.21 -40.79 -40.3 -39.79 -39.27 -38.65 -37.6 -35.68 -32.89 -29.32 -10.17 -10.36 -10.46 -10.47 -10.43 -10.36 -10.3 -10.25 -10.25 -10.32 -10.44 -10.6 -10.76 -10.9 -10.99 -11.05 -11.06 -11.05 -11.01 -10.99
-13.1 -13.14 -13.18 -13.19 -13.21 -13.22 -13.24 -13.28 -13.33 -13.4 -13.47 -13.55 -13.62 -13.71 -13.83 -14 -14.32 -14.88 -15.93 -17.77 -20.34 -23.2 -25.52 -26.96 -28.62 -31.23 -33.89 -35.5 -36.34 -36.89 -37.32 -37.7 -38.06 -38.43 -38.86 -39.43 -40.05 -40.68 -41.2 -41.57 -41.84 -42.05 -42.21 -42.31 -42.36 -42.32 -42.14 -41.76 -41.31 -40.85 -40.25 -39.41 -38.13 -36.33 -9.68 -9.56 -9.59 -9.73 -9.91 -10.1 -10.25 -10.37 -10.46 -10.53 -10.56 -10.53 -10.53 -10.59 -10.7 -10.83 -10.96 -11.08
-12.45 -12.56 -12.66 -12.73 -12.79 -12.86 -12.93 -13.01 -13.09 -13.16 -13.24 -13.31 -13.39 -13.46 -13.51 -13.57 -13.64 -13.74 -13.89 -14.1 -14.49 -15.16 -16.2 -17.76 -19.61 -21.4 -23.08 -24.8 -26.96 -29.51 -31.94 -33.9 -35.39 -36.39 -37.06 -37.61 -38.03 -38.36 -38.63 -38.84 -39.07 -39.33 -39.64 -40.04 -40.5 -40.96 -41.39 -41.79 -42.08 -42.24 -42.36 -42.46 -42.52 -42.48 -42.3 -41.92 -9.84 -9.94 -9.98 -9.97 -9.92 -9.88 -9.87 -9.89 -9.94 -9.99 -10.05 -10.1 -10.19 -10.31 -10.44 -10.55
-11.38 -11.45 -11.52 -11.59 -11.66 -11.74 -11.83 -11.96 -12.12 -12.31 -12.52 -12.72 -12.89 -13.03 -13.16 -13.27 -13.39 -13.52 -13.65 -13.8 -13.95 -14.09 -14.18 -14.28 -14.5 -14.93 -15.57 -16.38 -17.29 -18.27 -19.77 -22.17 -25.12 -28.1 -30.79 -32.98 -34.7 -36.07 -37.1 -37.93 -38.55 -38.99 -39.19 -39.16 -39.06 -39.02 -39.1 -39.33 -39.67 -40.1 -40.55 -40.89 -41.16 -41.45 -41.82 -42.22 -42.55 -42.71 -8.21 -8.18 -8.18 -8.19 -8.21 -8.24 -8.28 -8.34 -8.43 -8.55 -8.71 -8.89 -9.07 -9.26
-11.11 -11.09 -11.07 -11.07 -11.07 -11.07 -11.09 -11.12 -11.18 -11.27 -11.36 -11.48 -11.62 -11.78 -11.98 -12.22 -12.45 -12.67 -12.86 -13.02 -13.18 -13.35 -13.49 -13.58 -13.63 -13.62 -13.59 -13.59 -13.69 -13.92 -14.24 -14.65 -15.31 -16.39 -18.11 -20.4 -23.17 -26.17 -29.08 -31.59 -33.63 -35.32 -36.71 -37.84 -38.61 -39.06 -39.22 -39.2 -39.14 -39.11 -39.18 -39.34 -39.52 -39.69 -39.86 -40.05 -40.2 -40.3 -40.37 -40.43 -8.31 -8.22 -8.18 -8.19 -8.23 -8.26 -8.28 -8.28 -8.26 -8.23 -8.18 -8.12
-11.05 -11 -10.96 -10.93 -10.92 -10.93 -10.96 -10.98 -10.98 -10.99 -11 -11.02 -11.06 -11.12 -11.19 -11.29 -11.38 -11.5 -11.64 -11.83 -12.05 -12.26 -12.44 -12.62 -12.82 -13.02 -13.23 -13.45 -13.65 -13.83 -14 -14.13 -14.25 -14.39 -14.64 -15.12 -15.92 -17.15 -18.91 -21.16 -23.65 -26.21 -28.66 -30.77 -32.65 -34.44 -36 -37.23 -38.01 -38.45 -38.72 -38.94 -39.17 -39.39 -39.6 -39.79 -39.99 -40.18 -40.27 -40.23 -40.15 -40.09 -8.61 -8.49 -8.36 -8.24 -8.19 -8.23 -8.29 -8.31 -8.3 -8.25
