Assets/600x600surface.asc
ncols 7198
nrows 15648
xllcorner 165100.000000000000
yllcorner 5628500.000000000000
cellsize 50.000000000000
NODATA_value -9999
[rows 0 to 31 of 50, columns 3384 to 3455 of 7198]
-13.53 -13.53 -13.54 -13.56 -13.58 -13.6 -13.62 -13.63 -13.65 -13.66 -13.68 -13.69 -13.71 -13.72 -13.72 -13.71 -13.69 -13.66 -13.62 -13.6 -13.58 -13.57 -13.55 -13.52 -13.49 -13.45 -13.4 -13.34 -13.3 -13.27 -13.26 -13.27 -13.31 -13.36 -13.41 -13.47 -13.54 -13.61 -13.68 -13.76 -13.83 -13.91 -13.97 -14.03 -14.09 -14.12 -14.14 -14.16 -14.18 -14.18 -14.17 -14.14 -14.11 -14.08 -14.04 -14.02 -14.01 -13.99 -13.98 -13.95 -13.93 -13.91 -13.9 -13.87 -13.85 -13.83 -13.81 -13.79 -13.78 -13.76 -13.74 -13.73
-13.46 -13.48 -13.5 -13.51 -13.53 -13.54 -13.55 -13.54 -13.53 -13.5 -13.49 -13.47 -13.45 -13.43 -13.41 -13.37 -13.33 -13.29 -13.26 -13.22 -13.2 -13.18 -13.17 -13.15 -13.13 -13.11 -13.1 -13.1 -13.1 -13.13 -13.17 -13.22 -13.29 -13.36 -13.43 -13.49 -13.56 -13.61 -13.66 -13.7 -13.74 -13.78 -13.82 -13.86 -13.89 -13.91 -13.93 -13.93 -13.92 -13.9 -13.86 -13.8 -13.74 -13.68 -13.62 -13.57 -13.53 -13.52 -13.53 -13.55 -13.58 -13.6 -13.61 -13.61 -13.59 -13.55 -13.5 -13.45 -13.4 -13.37 -13.34 -13.3
-13.01 -13 -13 -13 -13 -13.01 -13.02 -13.04 -13.07 -13.08 -13.1 -13.11 -13.11 -13.11 -13.1 -13.09 -13.08 -13.07 -13.05 -13.04 -13.02 -13.01 -13 -12.99 -12.99 -12.99 -12.99 -12.99 -13 -13.01 -13.03 -13.05 -13.09 -13.14 -13.2 -13.27 -13.34 -13.42 -13.48 -13.55 -13.62 -13.69 -13.76 -13.82 -13.86 -13.89 -13.9 -13.9 -13.89 -13.86 -13.84 -13.82 -13.79 -13.74 -13.69 -13.64 -13.58 -13.53 -13.48 -13.45 -13.45 -13.47 -13.51 -13.56 -13.61 -13.66 -13.7 -13.71 -13.69 -13.63 -13.56 -13.48
-13.06 -13.01 -12.99 -12.97 -12.97 -12.97 -12.98 -13 -13.02 -13.04 -13.06 -13.09 -13.13 -13.17 -13.2 -13.24 -13.29 -13.33 -13.36 -13.39 -13.4 -13.4 -13.39 -13.37 -13.34 -13.31 -13.28 -13.26 -13.24 -13.19 -13.13 -13.06 -13.02 -13 -13.02 -13.06 -13.12 -13.18 -13.24 -13.32 -13.39 -13.45 -13.51 -13.57 -13.63 -13.69 -13.75 -13.8 -13.84 -13.87 -13.9 -13.92 -13.95 -13.96 -13.97 -13.96 -13.93 -13.88 -13.83 -13.78 -13.74 -13.73 -13.75 -13.8 -13.87 -13.93 -14 -14.06 -14.11 -14.16 -14.18 -14.18
-13.98 -13.83 -13.69 -13.58 -13.5 -13.44 -13.41 -13.4 -13.39 -13.38 -13.38 -13.38 -13.38 -13.39 -13.39 -13.4 -13.41 -13.43 -13.45 -13.47 -13.48 -13.49 -13.51 -13.53 -13.57 -13.62 -13.66 -13.71 -13.75 -13.77 -13.78 -13.78 -13.77 -13.75 -13.72 -13.66 -13.6 -13.54 -13.49 -13.47 -13.47 -13.48 -13.51 -13.56 -13.62 -13.67 -13.73 -13.79 -13.84 -13.89 -13.93 -13.97 -13.99 -14.02 -14.05 -14.08 -14.12 -14.13 -14.13 -14.13 -14.11 -14.09 -14.08 -14.08 -14.08 -14.1 -14.11 -14.12 -14.11 -14.09 -14.05 -14.01
-16.27 -15.96 -15.66 -15.4 -15.19 -15.02 -14.88 -14.78 -14.71 -14.66 -14.59 -14.52 -14.43 -14.34 -14.27 -14.22 -14.17 -14.12 -14.09 -14.06 -14.03 -14 -13.98 -13.96 -13.96 -13.97 -13.99 -14 -14.01 -14.02 -14.03 -14.04 -14.04 -14.05 -14.05 -14.06 -14.07 -14.08 -14.08 -14.1 -14.11 -14.13 -14.14 -14.14 -14.15 -14.17 -14.18 -14.2 -14.22 -14.23 -14.23 -14.23 -14.24 -14.24 -14.25 -14.26 -14.27 -14.28 -14.3 -14.31 -14.31 -14.3 -14.28 -14.27 -14.26 -14.26 -14.26 -14.25 -14.24 -14.22 -14.2 -14.17
-22.92 -22.9 -22.84 -22.75 -22.65 -22.55 -22.42 -22.27 -22.12 -22.01 -21.85 -21.56 -21.06 -20.44 -19.83 -19.24 -18.6 -17.94 -17.29 -16.73 -16.31 -15.95 -15.63 -15.38 -15.2 -15.07 -14.99 -14.94 -14.9 -14.87 -14.85 -14.84 -14.82 -14.81 -14.8 -14.8 -14.8 -14.81 -14.81 -14.79 -14.78 -14.77 -14.76 -14.75 -14.75 -14.76 -14.78 -14.8 -14.82 -14.84 -14.85 -14.85 -14.84 -14.83 -14.8 -14.78 -14.75 -14.73 -14.72 -14.69 -14.67 -14.65 -14.61 -14.57 -14.53 -14.51 -14.49 -14.46 -14.42 -14.37 -14.3 -14.24
-22.55 -24.67 -26.54 -28.2 -32.63 -37.55 -41.07 -40.27 -36.06 -31.64 -28.96 -25.75 -27.25 -34.79 -41.2 -43.67 -43.85 -43.91 -43.82 -43.6 -43.28 -42.82 -42.16 -41.3 -40.27 -39 -37.57 -35.84 -33.19 -28.84 -23.4 -19.55 -17.35 -16.94 -16.65 -16.47 -16.34 -16.15 -15.94 -15.77 -15.65 -15.57 -15.52 -15.47 -15.42 -15.36 -15.3 -15.24 -15.17 -15.1 -15.04 -14.99 -14.97 -14.96 -14.97 -14.98 -14.99 -14.99 -14.99 -14.99 -14.98 -14.97 -14.95 -14.92 -14.88 -14.82 -14.75 -14.67 -14.6 -14.53 -14.44 -14.34
-29.94 -30.25 -30.58 -30.92 -31.26 -31.6 -31.9 -32.2 -32.54 -32.92 -33.36 -33.82 -34.31 -34.79 -35.23 -35.6 -35.98 -36.44 -36.99 -37.77 -38.76 -39.82 -40.72 -41.3 -42.09 -43.3 -42.61 -40.49 -38.9 -36.82 -33.43 -31.38 -29.59 -27.3 -25.83 -25.62 -24.87 -24.62 -24.45 -24.36 -24.2 -23.83 -23.34 -22.84 -22.34 -21.8 -21.15 -20.46 -19.81 -19.21 -18.68 -18.21 -17.75 -17.32 -16.95 -16.59 -16.26 -15.98 -15.78 -15.63 -15.52 -15.45 -15.39 -15.31 -15.22 -15.11 -15 -14.88 -14.77 -14.64 -14.49 -14.31
-14.38 -14.53 -14.44 -15.36 -15.03 -15.29 -15.61 -15.94 -16.22 -16.43 -16.59 -16.72 -16.8 -16.86 -16.87 -16.88 -16.91 -16.96 -17.04 -17.15 -17.31 -17.52 -17.78 -18.04 -18.29 -18.57 -18.86 -19.17 -19.49 -19.83 -20.15 -20.51 -20.9 -21.27 -21.62 -21.99 -22.36 -22.7 -22.98 -23.19 -23.36 -23.57 -23.8 -24.05 -24.28 -24.49 -24.7 -24.87 -24.99 -25.03 -25.02 -24.97 -24.87 -24.75 -24.62 -24.48 -24.31 -24.11 -23.88 -23.66 -23.47 -23.28 -23.02 -22.72 -22.49 -22.35 -22.22 -22 -21.67 -21.36 -21.05 -20.64
-13.29 -13.32 -13.35 -13.39 -13.43 -13.48 -13.54 -13.61 -13.68 -13.73 -13.76 -13.78 -13.79 -13.79 -13.8 -13.81 -13.82 -13.84 -13.87 -13.9 -13.94 -14.01 -14.13 -14.29 -14.45 -14.59 -14.75 -14.93 -15.16 -15.42 -15.63 -15.8 -16 -16.28 -16.56 -16.81 -17.03 -17.23 -17.43 -17.6 -17.74 -17.85 -17.98 -18.2 -18.49 -18.77 -19 -19.18 -19.39 -19.67 -19.96 -20.22 -20.47 -20.72 -20.99 -21.25 -21.5 -21.73 -21.98 -22.24 -22.43 -22.5 -22.5 -22.53 -22.6 -22.68 -22.76 -22.79 -22.78 -22.77 -22.73 -22.69
-12.89 -13.01 -13.13 -13.22 -13.29 -13.34 -13.38 -13.41 -13.44 -13.45 -13.47 -13.49 -13.51 -13.52 -13.52 -13.51 -13.5 -13.48 -13.47 -13.47 -13.46 -13.46 -13.45 -13.42 -13.39 -13.35 -13.31 -13.29 -13.29 -13.32 -13.37 -13.43 -13.51 -13.59 -13.68 -13.81 -13.96 -14.16 -14.38 -14.62 -14.85 -15.1 -15.31 -15.45 -15.58 -15.73 -15.88 -16.05 -16.23 -16.4 -16.56 -16.71 -16.87 -17.03 -17.24 -17.49 -17.73 -17.92 -18.11 -18.35 -18.59 -18.78 -18.94 -19.06 -19.18 -19.33 -19.47 -19.55 -19.61 -19.73 -19.89 -20.06
-13 -13.01 -12.99 -12.95 -12.91 -12.88 -12.89 -12.94 -13.01 -13.08 -13.14 -13.17 -13.18 -13.17 -13.15 -13.16 -13.19 -13.24 -13.29 -13.34 -13.38 -13.41 -13.44 -13.48 -13.52 -13.55 -13.55 -13.56 -13.55 -13.54 -13.53 -13.52 -13.51 -13.5 -13.48 -13.47 -13.45 -13.43 -13.41 -13.39 -13.38 -13.36 -13.34 -13.33 -13.32 -13.32 -13.32 -13.33 -13.34 -13.38 -13.45 -13.54 -13.67 -13.83 -13.97 -14.09 -14.21 -14.31 -14.42 -14.55 -14.7 -14.86 -15.04 -15.22 -15.4 -15.58 -15.77 -15.97 -16.1 -16.1 -16.1 -16.22
-12.73 -12.73 -12.72 -12.7 -12.66 -12.61 -12.55 -12.5 -12.51 -12.57 -12.65 -12.73 -12.75 -12.7 -12.61 -12.52 -12.54 -12.69 -12.81 -12.79 -12.75 -12.79 -12.86 -12.93 -12.99 -13.04 -13.1 -13.18 -13.27 -13.34 -13.39 -13.43 -13.48 -13.53 -13.58 -13.62 -13.64 -13.66 -13.65 -13.64 -13.61 -13.57 -13.53 -13.49 -13.46 -13.43 -13.41 -13.4 -13.38 -13.36 -13.35 -13.33 -13.33 -13.33 -13.34 -13.33 -13.33 -13.33 -13.33 -13.35 -13.37 -13.41 -13.45 -13.51 -13.56 -13.6 -13.65 -13.7 -13.77 -13.86 -13.97 -14.11
-12.64 -12.69 -12.74 -12.78 -12.81 -12.84 -12.87 -12.88 -12.85 -12.8 -12.71 -12.6 -12.54 -12.55 -12.6 -12.67 -12.7 -12.65 -12.53 -12.36 -12.21 -12.13 -12.12 -12.18 -12.24 -12.27 -12.27 -12.29 -12.33 -12.41 -12.58 -12.81 -13.01 -13.1 -13.13 -13.17 -13.23 -13.29 -13.35 -13.41 -13.45 -13.47 -13.49 -13.52 -13.54 -13.56 -13.58 -13.59 -13.6 -13.6 -13.6 -13.59 -13.58 -13.57 -13.55 -13.54 -13.52 -13.5 -13.47 -13.44 -13.4 -13.36 -13.34 -13.33 -13.33 -13.34 -13.35 -13.37 -13.42 -13.51 -13.62 -13.74
-12.25 -12.31 -12.35 -12.39 -12.43 -12.47 -12.51 -12.53 -12.56 -12.58 -12.6 -12.62 -12.63 -12.63 -12.59 -12.5 -12.42 -12.36 -12.31 -12.24 -12.16 -12.09 -12.07 -12.11 -12.18 -12.27 -12.37 -12.48 -12.58 -12.64 -12.65 -12.61 -12.54 -12.41 -12.26 -12.14 -12.17 -12.39 -12.66 -12.87 -13.02 -13.12 -13.18 -13.21 -13.23 -13.26 -13.3 -13.34 -13.39 -13.44 -13.47 -13.49 -13.52 -13.55 -13.59 -13.64 -13.68 -13.71 -13.73 -13.73 -13.73 -13.71 -13.68 -13.64 -13.59 -13.54 -13.48 -13.42 -13.37 -13.36 -13.39 -13.48
-11.59 -11.59 -11.62 -11.68 -11.73 -11.76 -11.76 -11.76 -11.78 -11.8 -11.85 -11.91 -11.98 -12.05 -12.11 -12.16 -12.17 -12.15 -12.11 -12.06 -12.03 -12.01 -12 -11.99 -11.97 -11.95 -11.93 -11.92 -11.91 -11.91 -11.92 -11.93 -11.93 -11.94 -11.96 -11.97 -11.98 -12 -12.02 -12.06 -12.13 -12.23 -12.32 -12.37 -12.35 -12.26 -12.16 -12.1 -12.16 -12.42 -12.73 -12.97 -13.12 -13.24 -13.33 -13.39 -13.43 -13.47 -13.49 -13.53 -13.56 -13.59 -13.62 -13.62 -13.62 -13.62 -13.61 -13.6 -13.58 -13.57 -13.56 -13.57
-12.44 -12.44 -12.43 -12.39 -12.32 -12.23 -12.13 -12.06 -12.03 -12.03 -12.04 -12.04 -11.99 -11.92 -11.84 -11.74 -11.64 -11.56 -11.52 -11.53 -11.59 -11.68 -11.76 -11.82 -11.85 -11.87 -11.88 -11.87 -11.83 -11.77 -11.72 -11.69 -11.69 -11.71 -11.74 -11.79 -11.84 -11.88 -11.9 -11.89 -11.83 -11.74 -11.61 -11.45 -11.33 -11.28 -11.3 -11.38 -11.52 -11.7 -11.88 -12.04 -12.13 -12.12 -12.07 -12.07 -12.11 -12.22 -12.4 -12.63 -12.87 -13.09 -13.25 -13.33 -13.37 -13.41 -13.44 -13.49 -13.55 -13.59 -13.63 -13.67
-12.52 -12.53 -12.53 -12.53 -12.54 -12.54 -12.54 -12.53 -12.51 -12.5 -12.49 -12.48 -12.48 -12.46 -12.41 -12.33 -12.26 -12.25 -12.28 -12.34 -12.38 -12.36 -12.28 -12.13 -11.98 -11.89 -11.86 -11.88 -11.91 -11.94 -11.95 -11.93 -11.9 -11.87 -11.84 -11.8 -11.77 -11.73 -11.69 -11.63 -11.58 -11.57 -11.59 -11.66 -11.74 -11.8 -11.85 -11.89 -11.9 -11.86 -11.79 -11.71 -11.65 -11.63 -11.68 -11.79 -11.91 -12 -12.05 -12.07 -12.05 -11.97 -11.83 -11.68 -11.54 -11.48 -11.5 -11.61 -11.81 -12.08 -12.39 -12.73
-12.48 -12.47 -12.44 -12.4 -12.35 -12.3 -12.28 -12.31 -12.34 -12.37 -12.4 -12.42 -12.42 -12.42 -12.42 -12.43 -12.44 -12.44 -12.44 -12.44 -12.44 -12.44 -12.45 -12.45 -12.46 -12.44 -12.41 -12.35 -12.29 -12.25 -12.24 -12.21 -12.18 -12.14 -12.11 -12.09 -12.08 -12.07 -12.06 -12.04 -12.01 -11.98 -11.94 -11.91 -11.88 -11.84 -11.78 -11.69 -11.63 -11.63 -11.66 -11.7 -11.74 -11.75 -11.73 -11.68 -11.64 -11.62 -11.58 -11.52 -11.44 -11.34 -11.2 -11.05 -10.95 -10.91 -10.97 -11.12 -11.34 -11.57 -11.8 -12.02
-12.1 -12.11 -12.15 -12.17 -12.16 -12.12 -12.08 -12.09 -12.13 -12.21 -12.28 -12.31 -12.33 -12.34 -12.36 -12.37 -12.4 -12.43 -12.45 -12.44 -12.4 -12.35 -12.28 -12.21 -12.15 -12.12 -12.12 -12.15 -12.2 -12.28 -12.33 -12.35 -12.33 -12.3 -12.29 -12.3 -12.33 -12.38 -12.42 -12.44 -12.42 -12.37 -12.31 -12.26 -12.18 -12.08 -11.94 -11.8 -11.7 -11.67 -11.7 -11.8 -11.91 -12 -12.03 -11.98 -11.85 -11.67 -11.42 -11.12 -10.84 -10.66 -10.53 -10.39 -10.29 -10.3 -10.44 -10.69 -10.96 -11.18 -11.36 -11.52
-11.84 -11.91 -12.05 -12.2 -12.33 -12.42 -12.44 -12.42 -12.35 -12.27 -12.18 -12.11 -12.09 -12.1 -12.13 -12.17 -12.23 -12.32 -12.38 -12.37 -12.32 -12.28 -12.24 -12.24 -12.25 -12.26 -12.28 -12.3 -12.32 -12.34 -12.37 -12.4 -12.43 -12.45 -12.48 -12.5 -12.53 -12.54 -12.54 -12.51 -12.45 -12.37 -12.25 -12.09 -11.97 -11.93 -11.96 -12.02 -12.09 -12.14 -12.17 -12.16 -12.11 -12.02 -11.89 -11.7 -11.49 -11.26 -11.09 -11.01 -11.03 -11.13 -11.25 -11.33 -11.39 -11.43 -11.47 -11.5 -11.54 -11.57 -11.6 -11.6
-11.84 -11.78 -11.7 -11.63 -11.63 -11.74 -11.91 -12.07 -12.17 -12.2 -12.18 -12.1 -11.97 -11.79 -11.58 -11.38 -11.23 -11.17 -11.19 -11.26 -11.36 -11.49 -11.58 -11.58 -11.56 -11.57 -11.61 -11.67 -11.71 -11.73 -11.71 -11.64 -11.55 -11.49 -11.5 -11.56 -11.6 -11.58 -11.55 -11.56 -11.62 -11.71 -11.84 -12.02 -12.21 -12.36 -12.45 -12.49 -12.51 -12.54 -12.56 -12.56 -12.54 -12.52 -12.49 -12.45 -12.39 -12.32 -12.25 -12.18 -12.09 -11.96 -11.82 -11.67 -11.56 -11.5 -11.49 -11.52 -11.57 -11.62 -11.64 -11.61
-11.2 -11.28 -11.4 -11.51 -11.56 -11.5 -11.37 -11.22 -11.13 -11.19 -11.31 -11.39 -11.4 -11.35 -11.26 -11.18 -11.18 -11.29 -11.44 -11.55 -11.63 -11.66 -11.68 -11.68 -11.68 -11.68 -11.72 -11.79 -11.87 -11.91 -11.92 -11.94 -11.95 -11.98 -12.02 -12.05 -12.07 -12.1 -12.13 -12.15 -12.16 -12.16 -12.15 -12.14 -12.15 -12.17 -12.18 -12.2 -12.23 -12.26 -12.23 -12.1 -11.92 -11.75 -11.61 -11.54 -11.56 -11.64 -11.75 -11.88 -12.01 -12.11 -12.19 -12.23 -12.25 -12.25 -12.23 -12.2 -12.17 -12.13 -12.05 -11.9
-11.34 -11.38 -11.44 -11.55 -11.67 -11.78 -11.86 -11.92 -11.93 -11.87 -11.76 -11.6 -11.41 -11.2 -11.03 -10.89 -10.81 -10.8 -10.88 -11.04 -11.25 -11.41 -11.51 -11.56 -11.62 -11.69 -11.75 -11.77 -11.75 -11.69 -11.65 -11.67 -11.75 -11.86 -11.96 -12.06 -12.14 -12.18 -12.18 -12.16 -12.13 -12.09 -12.04 -11.98 -11.92 -11.87 -11.84 -11.82 -11.81 -11.81 -11.81 -11.81 -11.82 -11.83 -11.87 -11.91 -11.95 -12.01 -12.05 -12.09 -12.12 -12.15 -12.15 -12.14 -12.12 -12.13 -12.15 -12.15 -12.13 -12.08 -12 -11.9
-10.86 -10.8 -10.74 -10.68 -10.64 -10.63 -10.6 -10.53 -10.44 -10.32 -10.22 -10.15 -10.18 -10.38 -10.67 -10.96 -11.21 -11.41 -11.56 -11.64 -11.65 -11.61 -11.54 -11.45 -11.32 -11.15 -10.98 -10.82 -10.71 -10.7 -10.75 -10.84 -10.95 -11.04 -11.12 -11.19 -11.23 -11.25 -11.26 -11.28 -11.29 -11.27 -11.24 -11.2 -11.16 -11.11 -11.07 -11.02 -10.99 -10.97 -10.95 -10.93 -10.91 -10.92 -10.94 -10.98 -11.02 -11.06 -11.12 -11.2 -11.3 -11.4 -11.49 -11.55 -11.61 -11.65 -11.7 -11.75 -11.79 -11.82 -11.84 -11.85
-11.65 -11.6 -11.55 -11.51 -11.47 -11.42 -11.37 -11.33 -11.31 -11.33 -11.37 -11.43 -11.46 -11.45 -11.42 -11.35 -11.27 -11.16 -11.04 -10.92 -10.79 -10.65 -10.53 -10.42 -10.36 -10.36 -10.42 -10.52 -10.69 -10.89 -11.1 -11.27 -11.41 -11.51 -11.57 -11.6 -11.62 -11.66 -11.7 -11.73 -11.76 -11.78 -11.79 -11.8 -11.8 -11.79 -11.79 -11.79 -11.8 -11.82 -11.83 -11.85 -11.85 -11.85 -11.84 -11.82 -11.8 -11.78 -11.76 -11.74 -11.72 -11.71 -11.7 -11.68 -11.66 -11.65 -11.64 -11.64 -11.63 -11.62 -11.59 -11.56
-11.97 -11.99 -11.99 -11.99 -11.97 -11.94 -11.91 -11.88 -11.83 -11.75 -11.65 -11.51 -11.35 -11.18 -11.02 -10.9 -10.84 -10.83 -10.85 -10.91 -11 -11.12 -11.26 -11.38 -11.48 -11.56 -11.6 -11.6 -11.59 -11.58 -11.58 -11.59 -11.61 -11.63 -11.66 -11.69 -11.71 -11.73 -11.74 -11.74 -11.74 -11.74 -11.74 -11.74 -11.73 -11.71 -11.7 -11.69 -11.68 -11.68 -11.69 -11.68 -11.68 -11.68 -11.68 -11.68 -11.69 -11.7 -11.72 -11.75 -11.77 -11.8 -11.81 -11.8 -11.78 -11.75 -11.72 -11.69 -11.67 -11.65 -11.62 -11.58
-11.7 -11.74 -11.78 -11.82 -11.85 -11.86 -11.86 -11.86 -11.88 -11.92 -11.97 -12.03 -12.09 -12.15 -12.21 -12.23 -12.24 -12.22 -12.18 -12.14 -12.11 -12.08 -12.04 -12.01 -11.96 -11.91 -11.87 -11.83 -11.79 -11.77 -11.75 -11.73 -11.72 -11.71 -11.7 -11.7 -11.71 -11.72 -11.74 -11.76 -11.76 -11.76 -11.75 -11.75 -11.74 -11.73 -11.73 -11.73 -11.73 -11.73 -11.73 -11.72 -11.71 -11.71 -11.71 -11.7 -11.69 -11.67 -11.65 -11.63 -11.62 -11.61 -11.61 -11.61 -11.6 -11.59 -11.59 -11.6 -11.62 -11.63 -11.64 -11.63
-11.17 -11.2 -11.22 -11.23 -11.25 -11.27 -11.29 -11.32 -11.35 -11.36 -11.39 -11.44 -11.49 -11.54 -11.58 -11.61 -11.63 -11.63 -11.63 -11.64 -11.65 -11.67 -11.71 -11.77 -11.83 -11.89 -11.94 -11.97 -12 -12.02 -12.04 -12.05 -12.06 -12.08 -12.1 -12.11 -12.11 -12.11 -12.1 -12.09 -12.08 -12.08 -12.08 -12.09 -12.09 -12.09 -12.09 -12.09 -12.08 -12.07 -12.06 -12.04 -12 -11.96 -11.91 -11.87 -11.82 -11.78 -11.75 -11.72 -11.7 -11.68 -11.65 -11.62 -11.59 -11.56 -11.53 -11.5 -11.48 -11.46 -11.46 -11.46
-10.07 -10.21 -10.41 -10.63 -10.84 -10.98 -11.08 -11.15 -11.22 -11.27 -11.32 -11.36 -11.39 -11.4 -11.41 -11.43 -11.46 -11.5 -11.54 -11.59 -11.65 -11.71 -11.77 -11.81 -11.84 -11.84 -11.83 -11.81 -11.77 -11.73 -11.7 -11.68 -11.69 -11.73 -11.77 -11.81 -11.85 -11.91 -11.96 -12.01 -12.04 -12.06 -12.07 -12.08 -12.09 -12.09 -12.1 -12.09 -12.09 -12.08 -12.09 -12.1 -12.13 -12.15 -12.15 -12.14 -12.11 -12.09 -12.07 -12.05 -12.01 -11.98 -11.96 -11.93 -11.9 -11.86 -11.81 -11.75 -11.7 -11.66 -11.61 -11.57
-10.02 -9.94 -9.84 -9.8 -9.83 -9.86 -9.91 -9.98 -10.13 -10.38 -10.64 -10.8 -10.89 -10.94 -10.98 -11.02 -11.07 -11.12 -11.16 -11.2 -11.24 -11.26 -11.28 -11.31 -11.34 -11.37 -11.39 -11.4 -11.41 -11.42 -11.44 -11.49 -11.54 -11.58 -11.61 -11.61 -11.61 -11.6 -11.59 -11.56 -11.52 -11.48 -11.44 -11.44 -11.45 -11.47 -11.5 -11.53 -11.56 -11.6 -11.64 -11.68 -11.71 -11.72 -11.72 -11.71 -11.68 -11.64 -11.6 -11.57 -11.55 -11.54 -11.52 -11.5 -11.46 -11.43 -11.41 -11.39 -11.37 -11.36 -11.35 -11.36
