Assets/600x600surface.asc
ncols 7198
nrows 15648
xllcorner 165100.000000000000
yllcorner 5628500.000000000000
cellsize 50.000000000000
NODATA_value -9999
[rows 0 to 31 of 50, columns 1152 to 1223 of 7198]
-14.2 -14.18 -14.16 -14.14 -14.1 -14.05 -14.01 -13.99 -13.97 -13.97 -13.96 -13.95 -13.93 -13.92 -13.9 -13.88 -13.87 -13.85 -13.83 -13.8 -13.75 -13.7 -13.65 -13.61 -13.58 -13.56 -13.57 -13.57 -13.58 -13.57 -13.55 -13.54 -13.54 -13.54 -13.54 -13.52 -13.5 -13.49 -13.49 -13.49 -13.49 -13.48 -13.47 -13.45 -13.68 -14.32 -15.64 -17.41 -16.31 -16.23 -16.16 -16.1 -16.04 -15.98 -15.93 -15.87 -15.79 -15.69 -15.59 -15.52 -15.47 -15.42 -15.38 -15.36 -15.37 -15.39 -15.41 -15.41 -15.4 -15.37 -15.35 -15.33
-14.23 -14.21 -14.19 -14.18 -14.17 -14.17 -14.16 -14.15 -14.13 -14.11 -14.08 -14.05 -14.01 -13.97 -13.92 -13.88 -13.84 -13.8 -13.78 -13.76 -13.75 -13.73 -13.71 -13.68 -13.66 -13.63 -13.86 -14.52 -15.87 -17.66 -19.5 -21.28 -22.64 -23.31 -23.56 -23.55 -23.54 -23.52 -23.49 -23.46 -23.44 -23.41 -23.39 -23.12 -23.1 -22.41 -21.27 -20.34 -19.21 -17.36 -16.14 -16.08 -16.03 -16 -15.98 -15.95 -15.93 -15.89 -15.85 -15.81 -15.76 -15.72 -15.66 -15.6 -15.55 -15.51 -15.48 -15.47 -15.46 -15.47 -15.49 -15.49
-14.04 -14.04 -14.05 -14.07 -14.09 -14.11 -14.12 -15.04 -16.39 -18.15 -20.65 -22.87 -23.79 -24.03 -24.01 -23.99 -23.98 -23.97 -23.72 -23.71 -23.7 -23.68 -23.67 -22.99 -21.61 -19.8 -17.25 -14.98 -14.01 -13.71 -13.67 -13.62 -13.58 -13.55 -13.52 -13.5 -13.48 -13.46 -13.41 -13.35 -13.29 -13.23 -13.16 -13.09 -13.04 -13.01 -12.99 -12.97 -12.95 -12.92 -12.91 -12.89 -16.02 -16.04 -16.01 -15.98 -15.96 -15.94 -15.93 -15.91 -15.89 -15.85 -15.8 -15.72 -15.64 -15.56 -15.51 -15.47 -15.43 -15.39 -15.34 -15.28
-14.09 -14.08 -14.08 -14.08 -14.08 -14.06 -14.04 -14.01 -13.99 -13.98 -13.97 -13.98 -13.99 -14.01 -14.02 -14.01 -14 -13.99 -13.97 -13.95 -13.93 -13.92 -13.9 -13.89 -13.89 -13.88 -13.88 -13.88 -13.87 -13.86 -13.84 -13.82 -13.78 -13.74 -13.69 -13.63 -13.58 -13.53 -13.49 -13.45 -13.42 -13.39 -13.37 -13.35 -13.33 -13.31 -13.28 -13.24 -13.2 -13.16 -13.12 -13.09 -13.06 -13.04 -15.34 -15.41 -15.48 -15.55 -15.62 -15.68 -15.71 -15.73 -15.73 -15.73 -15.73 -15.72 -15.7 -15.66 -15.59 -15.51 -15.45 -15.4
-14.04 -14.04 -14.05 -14.06 -14.08 -14.11 -14.14 -14.15 -14.16 -14.16 -14.15 -14.15 -14.14 -14.12 -14.1 -14.07 -14.03 -14 -13.98 -13.96 -13.95 -13.96 -13.96 -13.97 -13.98 -13.99 -14 -14.01 -14.01 -14 -13.97 -13.93 -13.88 -13.83 -13.78 -13.73 -13.69 -13.65 -13.61 -13.58 -13.55 -13.51 -13.47 -13.44 -13.4 -13.36 -13.33 -13.31 -13.3 -13.29 -13.28 -13.27 -13.25 -13.24 -13.22 -13.2 -14.18 -14.32 -14.5 -14.67 -14.82 -14.95 -15.07 -15.17 -15.26 -15.35 -15.45 -15.55 -15.67 -15.78 -15.84 -15.83
-13.99 -13.98 -13.97 -13.97 -13.96 -13.96 -13.96 -13.95 -13.94 -13.93 -13.92 -13.92 -13.93 -13.93 -13.94 -13.96 -13.98 -14.01 -14.03 -14.03 -14.03 -14.01 -14 -13.98 -13.97 -13.96 -13.95 -13.94 -13.94 -13.94 -13.94 -13.94 -13.93 -13.93 -13.92 -13.9 -13.86 -13.81 -13.75 -13.69 -13.64 -13.59 -13.55 -13.51 -13.46 -13.41 -13.37 -13.34 -13.31 -13.29 -13.26 -13.25 -13.24 -13.23 -13.22 -13.2 -13.19 -13.17 -13.82 -13.81 -13.87 -14.01 -14.16 -14.25 -14.32 -14.42 -14.54 -14.65 -14.75 -14.83 -14.91 -14.99
-13.92 -13.91 -13.9 -13.9 -13.89 -13.88 -13.87 -13.87 -13.87 -13.87 -13.87 -13.86 -13.85 -13.84 -13.81 -13.79 -13.77 -13.75 -13.73 -13.73 -13.72 -13.72 -13.72 -13.73 -13.74 -13.75 -13.76 -13.77 -13.78 -13.79 -13.79 -13.79 -13.78 -13.76 -13.74 -13.72 -13.7 -13.68 -13.66 -13.64 -13.62 -13.6 -13.58 -13.56 -13.55 -13.52 -13.49 -13.46 -13.42 -13.39 -13.35 -13.31 -13.29 -13.28 -13.28 -13.27 -13.26 -13.24 -13.2 -13.17 -12.64 -12.74 -12.84 -12.92 -12.96 -12.99 -13.03 -13.06 -13.09 -13.16 -13.24 -13.34
-14.29 -14.25 -14.22 -14.19 -14.16 -14.13 -14.12 -14.11 -14.1 -14.09 -14.09 -14.09 -14.08 -14.08 -14.06 -14.03 -13.99 -13.94 -13.89 -13.84 -13.79 -13.74 -13.69 -13.63 -13.57 -13.53 -13.5 -13.48 -13.46 -13.44 -13.43 -13.43 -13.42 -13.42 -13.41 -13.4 -13.4 -13.42 -13.44 -13.48 -13.51 -13.53 -13.55 -13.55 -13.55 -13.53 -13.51 -13.49 -13.46 -13.45 -13.44 -13.43 -13.43 -13.42 -13.41 -13.4 -13.39 -13.37 -13.34 -13.32 -13.29 -13.26 -13.05 -13.12 -13.19 -13.27 -13.35 -13.44 -13.53 -13.61 -13.68 -13.76
-14.53 -14.51 -14.5 -14.49 -14.47 -14.46 -14.45 -14.44 -14.43 -14.42 -14.4 -14.39 -14.37 -14.35 -14.32 -14.28 -14.22 -14.17 -14.11 -14.05 -13.99 -13.93 -13.88 -13.83 -13.79 -13.75 -13.7 -13.65 -13.6 -13.56 -13.53 -13.51 -13.49 -13.47 -13.46 -13.45 -13.42 -13.39 -13.34 -13.31 -13.27 -13.24 -13.21 -13.18 -13.16 -13.13 -13.12 -13.1 -13.08 -13.07 -13.06 -13.05 -13.04 -13.03 -13.02 -13 -13 -12.99 -13 -13 -13.01 -13.03 -13.05 -13.07 -12.85 -12.81 -12.77 -12.73 -12.69 -12.66 -12.62 -12.61
-14.34 -14.31 -14.28 -14.26 -14.24 -14.23 -14.23 -14.22 -14.21 -14.19 -14.17 -14.16 -14.15 -14.14 -14.13 -14.11 -14.1 -14.08 -14.05 -14.01 -13.97 -13.94 -13.93 -13.93 -13.94 -13.95 -13.96 -13.97 -13.97 -13.95 -13.93 -13.92 -13.91 -13.9 -13.9 -13.89 -13.88 -13.85 -13.83 -13.79 -13.76 -13.71 -13.65 -13.58 -13.5 -13.44 -13.38 -13.33 -13.28 -13.26 -13.24 -13.21 -13.19 -13.18 -13.18 -13.18 -13.18 -13.18 -13.17 -13.17 -13.17 -13.16 -13.15 -13.14 -13.12 -13.08 -12.94 -12.91 -12.86 -12.78 -12.68 -12.59
-14.49 -14.43 -14.37 -14.33 -14.29 -14.24 -14.19 -14.13 -14.06 -14 -13.93 -13.87 -13.81 -13.76 -13.72 -13.71 -13.69 -13.66 -13.61 -13.57 -13.53 -13.5 -13.48 -13.47 -13.45 -13.43 -13.41 -13.39 -13.37 -13.35 -13.33 -13.32 -13.31 -13.31 -13.32 -13.31 -13.31 -13.3 -13.3 -13.29 -13.28 -13.27 -13.27 -13.27 -13.26 -13.24 -13.24 -13.24 -13.26 -13.26 -13.25 -13.22 -13.19 -13.16 -13.12 -13.07 -13.02 -12.99 -12.98 -12.97 -12.96 -12.94 -12.91 -12.88 -12.84 -12.79 -12.72 -12.65 -12.45 -12.43 -12.42 -12.42
-15.42 -15.31 -15.19 -15.05 -14.9 -14.77 -14.64 -14.53 -14.42 -14.33 -14.24 -14.17 -14.11 -14.05 -13.99 -13.94 -13.89 -13.86 -13.84 -13.8 -13.76 -13.72 -13.68 -13.64 -13.6 -13.56 -13.51 -13.46 -13.41 -13.37 -13.33 -13.29 -13.24 -13.19 -13.14 -13.1 -13.06 -13.04 -13.02 -13 -12.99 -12.97 -12.94 -12.91 -12.88 -12.85 -12.83 -12.8 -12.77 -12.74 -12.72 -12.71 -12.7 -12.69 -12.67 -12.65 -12.63 -12.6 -12.58 -12.56 -12.55 -12.55 -12.54 -12.54 -12.53 -12.52 -12.49 -12.46 -12.42 -12.38 -12.15 -12.2
-17.19 -16.9 -16.61 -16.31 -16.01 -15.75 -15.54 -15.35 -15.17 -15 -14.85 -14.72 -14.61 -14.5 -14.4 -14.31 -14.23 -14.16 -14.09 -14.04 -14 -13.96 -13.91 -13.87 -13.8 -13.72 -13.63 -13.54 -13.48 -13.42 -13.36 -13.31 -13.27 -13.23 -13.19 -13.14 -13.08 -13.02 -12.96 -12.9 -12.85 -12.79 -12.75 -12.73 -12.7 -12.66 -12.61 -12.57 -12.53 -12.5 -12.48 -12.45 -12.41 -12.36 -12.3 -12.25 -12.22 -12.21 -12.19 -12.17 -12.15 -12.11 -12.08 -12.05 -12.01 -11.99 -11.97 -11.94 -11.91 -11.87 -11.85 -11.86
-25.85 -24.11 -22.53 -21.2 -20.18 -19.34 -18.61 -18 -17.54 -17.17 -16.86 -16.57 -16.26 -15.99 -15.74 -15.49 -15.27 -15.07 -14.91 -14.82 -14.71 -14.56 -14.38 -14.21 -14.07 -13.96 -13.86 -13.77 -13.69 -13.61 -13.53 -13.45 -13.38 -13.3 -13.23 -13.17 -13.13 -13.1 -13.08 -13.05 -13.01 -12.96 -12.91 -12.88 -12.85 -12.82 -12.78 -12.72 -12.66 -12.59 -12.53 -12.47 -12.41 -12.36 -12.31 -12.26 -12.2 -12.13 -12.07 -12.01 -11.97 -11.94 -11.93 -11.93 -11.92 -11.91 -11.9 -11.89 -11.88 -11.87 -11.87 -11.86
-36.99 -36.79 -36.3 -35.39 -34.01 -32.09 -29.79 -27.55 -25.55 -23.63 -21.91 -20.5 -19.44 -18.64 -18.07 -17.63 -17.23 -16.9 -16.62 -16.39 -16.18 -16 -15.84 -15.71 -15.56 -15.37 -15.17 -14.98 -14.8 -14.63 -14.47 -14.31 -14.17 -14.02 -13.89 -13.78 -13.67 -13.55 -13.44 -13.35 -13.29 -13.23 -13.17 -13.07 -12.98 -12.92 -12.86 -12.82 -12.77 -12.7 -12.63 -12.56 -12.51 -12.46 -12.43 -12.39 -12.35 -12.3 -12.25 -12.21 -12.16 -12.1 -12.04 -11.99 -11.94 -11.9 -11.86 -11.82 -11.78 -11.75 -11.72 -11.69
-39.82 -39.99 -40.11 -40.14 -40.07 -39.89 -39.57 -39.12 -38.63 -38.1 -37.49 -36.71 -35.64 -34.06 -32.03 -29.7 -27.31 -24.84 -22.58 -20.69 -19.27 -18.22 -17.51 -17.06 -16.76 -16.55 -16.37 -16.2 -16.04 -15.88 -15.7 -15.49 -15.3 -15.1 -14.93 -14.78 -14.64 -14.51 -14.39 -14.24 -14.07 -13.89 -13.71 -13.53 -13.35 -13.21 -13.1 -13.02 -12.97 -12.93 -12.9 -12.85 -12.78 -12.69 -12.58 -12.48 -12.39 -12.31 -12.22 -12.13 -12.05 -12 -11.97 -11.96 -11.95 -11.94 -11.91 -11.88 -11.83 -11.79 -11.76 -11.73
-37.04 -37.34 -37.63 -38.01 -38.46 -38.94 -39.45 -39.96 -40.4 -40.72 -40.87 -40.79 -40.54 -40.2 -39.84 -39.52 -39.28 -39.09 -38.91 -38.6 -38 -36.94 -35.38 -33.55 -31.74 -30.15 -28.55 -26.7 -24.54 -22.16 -19.93 -18.29 -17.23 -16.53 -16.03 -15.64 -15.35 -15.12 -14.94 -14.76 -14.59 -14.42 -14.26 -14.11 -13.96 -13.81 -13.67 -13.53 -13.42 -13.34 -13.27 -13.21 -13.14 -13.06 -12.97 -12.88 -12.78 -12.69 -12.6 -12.51 -12.43 -12.34 -12.25 -12.17 -12.08 -12 -11.91 -11.83 -11.76 -11.7 -11.65 -11.61
-29.04 -31.18 -32.87 -34.29 -35.43 -36.23 -36.81 -37.3 -37.74 -38.22 -38.73 -39.21 -39.64 -40 -40.32 -40.64 -40.89 -41.01 -40.96 -40.76 -40.48 -40.15 -39.83 -39.61 -39.43 -39.2 -38.9 -38.57 -38.26 -37.96 -37.41 -36.44 -34.8 -32.39 -29.49 -26.49 -23.54 -20.9 -18.8 -17.29 -16.1 -15.28 -14.79 -14.47 -14.21 -14 -13.82 -13.68 -13.57 -13.47 -13.38 -13.32 -13.24 -13.13 -13.02 -12.93 -12.83 -12.74 -12.65 -12.57 -12.5 -12.42 -12.33 -12.24 -12.14 -12.05 -11.97 -11.92 -11.89 -11.87 -11.85 -11.84
-14.75 -15.15 -15.84 -16.96 -18.55 -20.54 -22.81 -25.02 -26.9 -28.31 -29.72 -31.51 -33.46 -35.31 -36.9 -38.08 -38.91 -39.47 -39.83 -40.15 -40.46 -40.74 -40.98 -41.16 -41.21 -41.09 -40.95 -40.89 -40.9 -40.93 -40.96 -40.97 -40.93 -40.8 -40.55 -40.19 -39.74 -39.13 -38.32 -37.32 -35.92 -33.96 -31.46 -28.35 -25.07 -22.06 -19.52 -17.48 -15.93 -14.78 -14.03 -13.58 -13.32 -13.16 -13.06 -12.96 -12.85 -12.74 -12.64 -12.59 -12.54 -12.5 -12.45 -12.41 -12.37 -12.32 -12.26 -12.19 -12.12 -12.06 -12 -11.96
-13.34 -13.37 -13.41 -13.47 -13.56 -13.66 -13.76 -13.84 -13.98 -14.26 -14.84 -15.85 -17.34 -19.47 -21.89 -24.33 -26.91 -29.52 -31.87 -34 -35.78 -37.08 -38.06 -38.86 -39.49 -39.97 -40.31 -40.58 -40.8 -40.95 -41.02 -41.04 -41.02 -40.96 -40.92 -40.9 -40.91 -40.92 -40.91 -40.87 -40.75 -40.56 -40.27 -39.85 -39.33 -38.69 -37.84 -36.67 -35.11 -32.69 -29.55 -26.08 -22.73 -19.58 -17.06 -15.31 -14.18 -13.54 -13.2 -12.88 -12.6 -12.39 -12.23 -12.09 -11.99 -11.93 -11.89 -11.85 -11.81 -11.76 -11.71 -11.69
-13.16 -13.17 -13.17 -13.17 -13.18 -13.21 -13.24 -13.27 -13.28 -13.28 -13.27 -13.28 -13.31 -13.41 -13.57 -13.84 -14.27 -14.88 -15.64 -16.7 -18.22 -20.27 -22.64 -25.11 -27.66 -30.18 -32.43 -34.38 -36.02 -37.47 -38.54 -39.25 -39.8 -40.24 -40.55 -40.78 -40.94 -41.07 -41.16 -41.2 -41.16 -41.08 -41.01 -40.97 -40.95 -40.89 -40.76 -40.55 -40.28 -39.91 -39.43 -38.85 -38.18 -37.32 -36.29 -35.02 -33.75 -32.68 -31.46 -29.8 -27.68 -25.05 -21.98 -19.03 -16.63 -14.63 -13.03 -11.97 -11.38 -11.09 -10.97 -10.9
-12.97 -12.97 -12.98 -13 -13.02 -13.03 -13.04 -13.04 -13.03 -13.03 -13.02 -13.02 -13.02 -13.04 -13.07 -13.1 -13.14 -13.19 -13.24 -13.3 -13.39 -13.5 -13.68 -13.93 -14.29 -14.83 -15.77 -17.17 -19.01 -21.36 -23.98 -26.74 -29.64 -32.23 -34.15 -35.49 -36.4 -36.94 -37.39 -38.01 -38.73 -39.44 -40.12 -40.71 -41.21 -41.55 -41.74 -41.8 -41.79 -41.76 -41.73 -41.71 -41.67 -41.58 -41.36 -40.97 -40.44 -39.92 -39.47 -39.05 -38.64 -38.15 -37.37 -36.18 -34.73 -32.87 -30.13 -26.57 -22.8 -19.57 -16.84 -14.76
-12.65 -12.72 -12.78 -12.83 -12.87 -12.89 -12.9 -12.93 -12.97 -12.99 -13.01 -13.02 -13.02 -13.02 -13.03 -13.03 -13.04 -13.06 -13.09 -13.14 -13.19 -13.23 -13.26 -13.29 -13.32 -13.35 -13.38 -13.4 -13.42 -13.45 -13.49 -13.56 -13.68 -13.9 -14.25 -14.87 -15.85 -17.32 -18.8 -19.98 -21.57 -24.31 -27.78 -31.2 -34.13 -36.34 -37.98 -39.12 -40.03 -40.76 -41.31 -41.7 -41.97 -42.13 -42.23 -42.26 -42.21 -42.08 -41.92 -41.76 -41.58 -41.37 -41.15 -40.94 -40.68 -40.35 -39.88 -39.28 -38.53 -37.59 -36.3 -34.63
-12.32 -12.34 -12.37 -12.41 -12.44 -12.47 -12.5 -12.54 -12.59 -12.65 -12.71 -12.74 -12.78 -12.81 -12.85 -12.88 -12.91 -12.94 -12.98 -13.03 -13.08 -13.12 -13.15 -13.18 -13.21 -13.23 -13.24 -13.23 -13.21 -13.19 -13.19 -13.2 -13.23 -13.28 -13.34 -13.41 -13.47 -13.5 -13.49 -13.42 -13.37 -13.42 -13.61 -14.02 -14.81 -16.23 -18.4 -21.2 -24.4 -27.97 -31.49 -34.39 -36.54 -38.08 -39.24 -40.17 -40.89 -41.5 -42.02 -42.49 -42.84 -43.01 -43.06 -43.06 -43.04 -43 -42.93 -42.82 -42.63 -42.34 -41.95 -41.41
-12.32 -12.28 -12.25 -12.22 -12.2 -12.18 -12.16 -12.14 -12.13 -12.12 -12.13 -12.15 -12.17 -12.21 -12.25 -12.32 -12.4 -12.48 -12.55 -12.59 -12.64 -12.69 -12.75 -12.83 -12.89 -12.94 -12.96 -12.99 -13.02 -13.04 -13.06 -13.08 -13.1 -13.15 -13.19 -13.21 -13.24 -13.27 -13.32 -13.38 -13.43 -13.46 -13.46 -13.44 -13.37 -13.27 -13.2 -13.19 -13.31 -13.62 -14.21 -15.12 -16.37 -18.13 -20.81 -24.33 -28.09 -31.35 -33.91 -36 -37.84 -39.54 -40.88 -41.67 -42.06 -42.23 -42.32 -42.41 -42.49 -42.6 -42.74 -42.91
-12.4 -12.38 -12.35 -12.3 -12.23 -12.16 -12.09 -12.02 -11.96 -11.91 -11.86 -11.83 -11.8 -11.79 -11.8 -11.81 -11.84 -11.87 -11.9 -11.94 -11.99 -12.05 -12.12 -12.2 -12.3 -12.42 -12.56 -12.69 -12.79 -12.88 -12.94 -12.99 -13.03 -13.06 -13.1 -13.14 -13.18 -13.23 -13.28 -13.32 -13.35 -13.37 -13.38 -13.39 -13.4 -13.4 -13.4 -13.4 -13.4 -13.4 -13.39 -13.39 -13.42 -13.52 -13.7 -14.04 -14.63 -15.68 -17.68 -20.82 -24.34 -27.7 -30.69 -33.32 -35.52 -37.2 -38.4 -39.2 -39.73 -40.19 -40.66 -41.15
-12.25 -12.28 -12.32 -12.35 -12.35 -12.34 -12.3 -12.25 -12.2 -12.15 -12.1 -12.06 -12.01 -11.96 -11.91 -11.85 -11.79 -11.72 -11.65 -11.6 -11.57 -11.56 -11.57 -11.59 -11.62 -11.66 -11.72 -11.79 -11.89 -11.99 -12.11 -12.24 -12.38 -12.53 -12.69 -12.83 -12.95 -13.05 -13.12 -13.14 -13.16 -13.18 -13.2 -13.23 -13.26 -13.29 -13.32 -13.34 -13.34 -13.34 -13.34 -13.35 -13.37 -13.39 -13.4 -13.41 -13.43 -13.48 -13.58 -13.77 -14.17 -14.99 -16.51 -19.06 -22.18 -25.37 -28.49 -31.45 -33.84 -35.38 -36.26 -36.92
-11.93 -11.88 -11.84 -11.82 -11.81 -11.8 -11.8 -11.81 -11.82 -11.84 -11.86 -11.88 -11.89 -11.89 -11.88 -11.85 -11.8 -11.74 -11.69 -11.67 -11.64 -11.61 -11.58 -11.55 -11.53 -11.52 -11.52 -11.52 -11.52 -11.53 -11.55 -11.57 -11.61 -11.66 -11.74 -11.83 -11.94 -12.06 -12.21 -12.37 -12.51 -12.63 -12.74 -12.83 -12.92 -13 -13.06 -13.1 -13.13 -13.16 -13.19 -13.21 -13.23 -13.24 -13.27 -13.31 -13.37 -13.43 -13.49 -13.57 -13.65 -13.75 -13.88 -14.07 -14.44 -15.17 -16.53 -18.61 -21.19 -24.06 -26.49 -28.03
-12.35 -12.31 -12.28 -12.26 -12.24 -12.21 -12.17 -12.13 -12.08 -12.03 -11.98 -11.93 -11.89 -11.87 -11.84 -11.8 -11.76 -11.71 -11.66 -11.61 -11.58 -11.56 -11.56 -11.55 -11.54 -11.53 -11.52 -11.51 -11.5 -11.49 -11.47 -11.44 -11.42 -11.4 -11.38 -11.37 -11.37 -11.39 -11.41 -11.46 -11.53 -11.63 -11.74 -11.86 -11.97 -12.09 -12.22 -12.36 -12.5 -12.62 -12.71 -12.77 -12.83 -12.89 -12.95 -13.02 -13.09 -13.16 -13.23 -13.31 -13.38 -13.44 -13.5 -13.55 -13.62 -13.73 -13.87 -14.05 -14.44 -15.15 -16.36 -18.12
-12.2 -12.22 -12.23 -12.25 -12.26 -12.26 -12.25 -12.24 -12.23 -12.21 -12.18 -12.15 -12.11 -12.08 -12.05 -12.04 -12.03 -12.01 -11.98 -11.95 -11.92 -11.88 -11.84 -11.8 -11.76 -11.71 -11.66 -11.62 -11.59 -11.56 -11.54 -11.51 -11.49 -11.47 -11.45 -11.43 -11.41 -11.36 -11.32 -11.27 -11.24 -11.21 -11.2 -11.2 -11.22 -11.24 -11.29 -11.36 -11.43 -11.51 -11.57 -11.63 -11.71 -11.81 -11.93 -12.06 -12.22 -12.41 -12.61 -12.8 -12.95 -13.08 -13.21 -13.33 -13.44 -13.57 -13.7 -13.84 -14 -14.16 -14.28 -14.4
-11.91 -11.91 -11.92 -11.94 -11.96 -11.99 -12.01 -12.03 -12.05 -12.06 -12.08 -12.09 -12.11 -12.11 -12.11 -12.11 -12.11 -12.09 -12.07 -12.05 -12.02 -11.99 -11.97 -11.94 -11.91 -11.88 -11.85 -11.83 -11.81 -11.78 -11.76 -11.76 -11.74 -11.7 -11.65 -11.6 -11.56 -11.52 -11.47 -11.41 -11.34 -11.29 -11.24 -11.21 -11.18 -11.16 -11.14 -11.13 -11.11 -11.09 -11.08 -11.08 -11.09 -11.1 -11.12 -11.16 -11.22 -11.29 -11.39 -11.52 -11.67 -11.84 -12.05 -12.26 -12.49 -12.7 -12.9 -13.07 -13.24 -13.39 -13.52 -13.61
-10.97 -10.99 -11.02 -11.05 -11.08 -11.11 -11.13 -11.15 -11.16 -11.17 -11.19 -11.23 -11.28 -11.33 -11.4 -11.45 -11.5 -11.55 -11.59 -11.64 -11.67 -11.69 -11.7 -11.7 -11.7 -11.71 -11.7 -11.69 -11.67 -11.65 -11.63 -11.61 -11.59 -11.58 -11.57 -11.56 -11.55 -11.54 -11.53 -11.51 -11.48 -11.42 -11.34 -11.26 -11.19 -11.14 -11.11 -11.08 -11.04 -10.99 -10.95 -10.93 -10.92 -10.94 -10.97 -10.99 -11 -11 -11.02 -11.04 -11.09 -11.16 -11.24 -11.34 -11.46 -11.59 -11.74 -11.93 -12.13 -12.33 -12.52 -12.71
