Assets/Terrain/localsurface.asc
ncols 7198
nrows 15648
xllcorner 165100.000000000000
yllcorner 5628500.000000000000
cellsize 50.000000000000
NODATA_value -9999
[rows 0 to 32 of 50, columns 6068 to 6141 of 7198]
-11.3 -11.22 -11.16 -11.11 -11.07 -11.05 -11.01 -10.95 -10.88 -10.8 -10.72 -10.66 -10.61 -10.59 -10.59 -10.61 -10.64 -10.66 -10.69 -10.72 -10.74 -10.74 -10.72 -10.68 -10.63 -10.57 -10.49 -10.41 -10.35 -10.33 -10.32 -10.32 -10.31 -10.31 -10.33 -10.36 -10.41 -10.46 -10.51 -10.57 -10.65 -10.76 -10.88 -10.99 -11.11 -11.21 -11.28 -11.31 -11.33 -11.34 -11.35 -11.34 -11.33 -11.33 -11.35 -11.38 -11.43 -11.49 -11.54 -11.6 -11.65 -11.68 -11.69 -11.69 -11.69 -11.69 -11.68 -11.67 -11.68 -11.7 -11.72 -11.7 -11.64 -11.55
-10.79 -10.69 -10.61 -10.58 -10.58 -10.59 -10.6 -10.58 -10.56 -10.54 -10.53 -10.53 -10.53 -10.52 -10.51 -10.51 -10.52 -10.53 -10.55 -10.55 -10.53 -10.5 -10.49 -10.5 -10.54 -10.59 -10.64 -10.66 -10.66 -10.63 -10.57 -10.51 -10.43 -10.37 -10.31 -10.27 -10.25 -10.25 -10.25 -10.26 -10.26 -10.25 -10.24 -10.22 -10.21 -10.21 -10.23 -10.26 -10.31 -10.37 -10.43 -10.5 -10.56 -10.61 -10.67 -10.72 -10.77 -10.81 -10.86 -10.89 -10.91 -10.94 -10.97 -10.98 -10.98 -10.98 -10.97 -10.96 -10.94 -10.91 -10.89 -10.86 -10.85 -10.83
-10.29 -10.3 -10.32 -10.33 -10.34 -10.35 -10.36 -10.38 -10.39 -10.39 -10.39 -10.37 -10.35 -10.32 -10.29 -10.29 -10.29 -10.29 -10.29 -10.3 -10.3 -10.32 -10.33 -10.35 -10.35 -10.35 -10.35 -10.36 -10.37 -10.37 -10.37 -10.37 -10.37 -10.37 -10.37 -10.35 -10.33 -10.31 -10.29 -10.28 -10.29 -10.3 -10.32 -10.33 -10.36 -10.4 -10.46 -10.9 -14.01 -19.78 -24.41 -25.6 -25.75 -25.88 -25.31 -23.92 -22.44 -20.8 -18.3 -16.17 -14.61 -12.99 -11.75 -11.08 -11.12 -11.15 -11.17 -11.18 -11.16 -11.12 -11.06 -10.99 -10.89 -10.8
-10.18 -10.17 -10.17 -10.16 -10.16 -10.17 -10.18 -10.19 -10.21 -10.24 -10.26 -10.28 -10.29 -10.27 -10.25 -10.22 -10.19 -10.16 -10.12 -10.09 -10.06 -10.04 -10.03 -10.01 -9.99 -9.99 -9.98 -9.96 -9.93 -9.9 -9.88 -9.87 -9.88 -9.9 -9.92 -9.94 -9.96 -9.99 -10.02 -10.05 -10.08 -10.11 -10.15 -10.17 -10.2 -10.23 -10.26 -10.31 -10.37 -10.41 -10.44 -10.46 -10.47 -10.5 -10.54 -10.6 -10.7 -10.82 -10.94 -11.05 -11.15 -11.24 -11.33 -11.41 -11.46 -11.49 -11.87 -13.27 -16.65 -20.5 -23.26 -25.35 -26.76 -26.76
-9.63 -9.58 -9.53 -9.5 -9.48 -9.49 -9.51 -9.54 -9.57 -9.58 -9.57 -9.57 -9.57 -9.57 -9.57 -9.58 -9.57 -9.56 -9.56 -9.57 -9.59 -9.61 -9.62 -9.61 -9.6 -9.59 -9.57 -9.53 -9.49 -9.45 -9.43 -9.45 -9.49 -9.54 -9.59 -9.65 -9.69 -9.72 -9.73 -9.72 -9.73 -9.75 -9.79 -9.81 -9.83 -9.85 -9.86 -9.87 -9.87 -9.88 -9.9 -9.91 -9.93 -9.96 -10 -10.03 -10.06 -10.09 -10.1 -10.12 -10.12 -10.12 -10.11 -10.12 -10.15 -10.19 -10.25 -10.31 -10.37 -10.42 -10.47 -10.53 -10.59 -10.68
-9.13 -9.14 -9.18 -9.21 -9.23 -9.22 -9.19 -9.14 -9.1 -9.07 -9.06 -9.08 -9.11 -9.14 -9.17 -9.19 -9.21 -9.22 -9.24 -9.26 -9.28 -9.3 -9.32 -9.34 -9.35 -9.34 -9.31 -9.27 -9.23 -9.19 -9.17 -9.17 -9.17 -9.16 -9.15 -9.14 -9.14 -9.13 -9.13 -9.13 -9.14 -9.18 -9.23 -9.31 -9.39 -9.44 -9.47 -9.48 -9.49 -9.48 -9.48 -9.47 -9.44 -9.41 -9.4 -9.42 -9.47 -9.51 -9.55 -9.58 -9.61 -9.63 -9.67 -9.73 -9.79 -9.85 -9.91 -9.95 -9.99 -10.02 -10.04 -10.05 -10.07 -10.09
-8.89 -8.9 -8.95 -9.03 -9.1 -9.16 -9.23 -9.32 -9.42 -9.54 -9.68 -9.81 -9.9 -9.97 -9.99 -9.98 -9.93 -9.85 -9.77 -9.69 -9.61 -9.55 -9.5 -9.47 -9.45 -9.43 -9.42 -9.41 -9.4 -9.39 -9.37 -9.36 -9.34 -9.32 -9.31 -9.28 -9.26 -9.23 -9.2 -9.17 -9.15 -9.14 -9.15 -9.17 -9.19 -9.2 -9.22 -9.24 -9.27 -9.3 -9.32 -9.33 -9.34 -9.35 -9.37 -9.41 -9.44 -9.47 -9.48 -9.48 -9.46 -9.45 -9.45 -9.45 -9.46 -9.47 -9.5 -9.54 -9.57 -9.6 -9.62 -9.64 -9.66 -9.67
-9.39 -9.37 -9.35 -9.33 -9.3 -9.26 -9.22 -9.21 -9.22 -9.26 -9.33 -9.41 -9.5 -9.56 -9.59 -9.58 -9.54 -9.47 -9.4 -9.33 -9.27 -9.22 -9.18 -9.17 -9.17 -9.18 -9.2 -9.23 -9.25 -9.26 -9.26 -9.25 -9.24 -9.22 -9.21 -9.21 -9.2 -9.21 -9.21 -9.21 -9.21 -9.19 -9.17 -9.14 -9.11 -9.09 -9.07 -9.05 -9.04 -9.04 -9.04 -9.04 -9.05 -9.06 -9.09 -9.13 -9.17 -9.22 -9.27 -9.32 -9.36 -9.39 -9.43 -9.49 -9.56 -9.62 -9.67 -9.7 -9.71 -9.71 -9.7 -9.69 -9.68 -9.67
-9.4 -9.35 -9.32 -9.29 -9.27 -9.26 -9.24 -9.22 -9.19 -9.15 -9.11 -9.05 -8.98 -8.92 -8.86 -8.81 -8.78 -8.77 -8.79 -8.82 -8.87 -8.92 -8.95 -8.94 -8.93 -8.93 -8.95 -8.99 -9.04 -9.09 -9.14 -9.17 -9.19 -9.2 -9.22 -9.23 -9.24 -9.25 -9.25 -9.25 -9.24 -9.23 -9.22 -9.19 -9.17 -9.14 -9.12 -9.09 -9.05 -9.01 -8.98 -8.94 -8.9 -8.88 -8.85 -8.83 -8.82 -8.81 -8.82 -8.83 -8.86 -8.9 -8.96 -9.04 -9.14 -9.24 -9.35 -9.46 -9.58 -9.69 -9.78 -9.84 -9.91 -10
-9.64 -9.64 -9.63 -9.59 -9.55 -9.51 -9.48 -9.45 -9.42 -9.41 -9.39 -9.37 -9.34 -9.32 -9.28 -9.23 -9.18 -9.15 -9.13 -10.87 -14.19 -18.96 -20.52 -18.91 -14.11 -10.4 -9.03 -9.03 -9.4 -13.22 -19.94 -23.27 -19.83 -13.36 -9.42 -9.06 -9.08 -9.08 -9.07 -9.07 -9.06 -9.05 -9.04 -9.02 -9 -8.97 -8.94 -8.91 -8.88 -8.85 -8.8 -8.77 -8.74 -8.74 -8.73 -8.74 -8.75 -8.76 -8.78 -8.78 -8.79 -8.8 -8.81 -8.82 -8.83 -8.86 -8.89 -8.93 -8.96 -8.98 -9.01 -9.07 -9.15 -9.24
-9.44 -9.43 -9.42 -9.42 -9.43 -9.44 -9.46 -9.47 -9.5 -9.53 -9.56 -9.59 -9.61 -9.63 -9.66 -9.71 -9.76 -9.81 -9.85 -9.88 -9.89 -9.88 -9.87 -9.86 -9.86 -9.85 -9.84 -9.8 -9.74 -9.93 -11.4 -14.72 -19.5 -22.96 -24.6 -24.21 -20.46 -13.51 -9.71 -9.29 -9.26 -9.24 -9.22 -9.2 -9.18 -9.18 -9.17 -9.17 -9.16 -9.13 -9.08 -9.03 -8.98 -8.92 -8.87 -8.82 -8.78 -8.75 -8.72 -8.71 -8.71 -8.73 -8.75 -8.77 -8.78 -8.8 -8.82 -8.85 -8.88 -8.91 -8.93 -8.96 -8.97 -8.99
-9.35 -9.39 -9.43 -9.47 -9.5 -9.52 -9.54 -9.57 -9.6 -9.63 -9.68 -9.71 -9.74 -9.76 -9.77 -9.79 -9.81 -9.83 -9.86 -9.9 -9.96 -10.05 -10.14 -10.25 -10.35 -10.45 -10.53 -10.61 -10.69 -10.76 -10.83 -11.95 -13.72 -16.25 -18.65 -21.02 -23.01 -24.86 -25.77 -25.22 -21.85 -15.72 -11.11 -10.13 -10.18 -10.02 -9.79 -9.62 -9.52 -9.45 -9.38 -9.32 -9.26 -9.2 -9.14 -9.09 -9.06 -9.03 -9 -8.97 -8.95 -8.94 -8.93 -8.9 -8.86 -8.84 -8.82 -8.81 -8.81 -8.82 -8.84 -8.88 -8.91 -8.95
-9.61 -9.65 -9.67 -9.68 -9.69 -9.71 -9.74 -9.77 -9.81 -9.85 -9.9 -9.95 -9.99 -10.02 -10.03 -10.04 -10.03 -10.03 -10.03 -10.03 -10.04 -10.05 -10.07 -10.1 -10.12 -10.14 -10.17 -10.2 -10.25 -10.3 -10.35 -10.39 -10.43 -10.45 -10.49 -10.55 -10.63 -10.72 -10.81 -10.91 -11.01 -11.14 -11.24 -11.33 -11.38 -11.37 -11.32 -11.21 -12.84 -16.05 -20.68 -23.87 -25.49 -25 -24.2 -22.34 -19.85 -17.56 -16.34 -15.97 -16.09 -17.42 -20.39 -21.63 -19.89 -16.67 -12.96 -10.08 -8.87 -8.84 -8.83 -8.83 -8.84 -8.85
-9.47 -9.5 -9.53 -9.56 -9.6 -9.64 -9.68 -9.72 -9.75 -9.79 -9.82 -9.84 -9.85 -9.86 -9.87 -9.89 -9.91 -9.94 -9.97 -10 -10.03 -10.07 -10.1 -10.13 -10.16 -10.19 -10.22 -10.26 -10.3 -10.34 -10.37 -10.4 -10.41 -10.41 -10.4 -10.37 -10.34 -10.32 -10.31 -10.32 -10.35 -10.38 -10.4 -10.44 -10.48 -10.53 -10.57 -10.59 -10.59 -10.53 -10.45 -10.38 -10.32 -10.25 -10.18 -10.11 -10.06 -10.02 -9.98 -9.92 -9.87 -9.81 -10.47 -13.7 -18.56 -22.34 -23.95 -24.68 -24.7 -24.73 -24.78 -24.61 -24.58 -23.65
-9.23 -9.28 -9.32 -9.35 -9.38 -9.4 -9.42 -9.43 -9.44 -9.46 -9.49 -9.53 -9.58 -9.63 -9.69 -9.73 -9.77 -9.81 -9.84 -9.88 -9.9 -9.91 -9.9 -9.89 -9.88 -9.87 -9.86 -9.85 -9.84 -9.82 -9.8 -9.79 -9.79 -9.8 -9.81 -9.81 -9.81 -9.8 -9.8 -9.81 -9.83 -9.86 -9.9 -9.92 -9.96 -10.01 -10.05 -10.07 -10.08 -10.08 -10.2 -10.8 -11.5 -13.11 -15.41 -18.11 -20.62 -22.72 -24.04 -24.68 -24.67 -24.35 -23.71 -22.17 -19.92 -17.6 -15.33 -13.67 -12.43 -11.34 -10.69 -10.59 -10.62 -10.41
-8.79 -8.8 -8.81 -8.81 -8.82 -8.83 -8.87 -8.93 -9.01 -9.07 -9.13 -9.18 -9.23 -9.28 -9.33 -9.37 -9.4 -9.43 -9.46 -9.48 -9.5 -9.51 -9.52 -9.53 -9.54 -9.55 -9.57 -9.6 -9.65 -9.7 -9.75 -9.78 -9.81 -9.83 -9.85 -9.9 -10.63 -11.92 -12.22 -11.14 -10.38 -10.39 -10.16 -10.18 -10.2 -10.22 -10.24 -10.26 -10.27 -10.28 -10.27 -10.25 -10.23 -10.2 -10.16 -10.13 -10.09 -10.05 -10.02 -10 -9.99 -9.98 -9.98 -9.98 -9.99 -10 -10.01 -10.02 -10.02 -10.02 -10.02 -10.02 -10.01 -10
-8.58 -8.6 -8.62 -8.67 -8.72 -8.78 -8.82 -8.86 -8.89 -8.92 -8.95 -9 -9.06 -9.12 -9.18 -9.25 -9.31 -9.39 -9.45 -9.49 -9.52 -9.56 -9.58 -9.6 -9.63 -9.66 -9.7 -9.77 -9.83 -9.86 -9.88 -9.89 -9.89 -9.89 -9.87 -9.86 -9.84 -9.8 -9.76 -9.73 -9.71 -9.69 -9.67 -9.66 -9.64 -9.63 -9.62 -9.62 -9.61 -9.6 -9.6 -9.6 -9.62 -9.64 -9.67 -9.71 -9.74 -9.75 -9.76 -9.78 -9.8 -9.81 -9.81 -9.81 -9.8 -9.78 -9.77 -9.76 -9.75 -9.75 -9.74 -9.73 -9.7 -9.66
-8.38 -8.39 -8.4 -8.43 -8.45 -8.49 -8.52 -8.54 -8.57 -8.59 -8.61 -8.64 -8.67 -8.71 -8.75 -8.8 -8.84 -8.86 -8.87 -8.88 -8.89 -8.91 -8.92 -8.94 -8.96 -8.97 -8.99 -9.02 -9.05 -9.09 -9.13 -9.17 -9.21 -9.22 -9.23 -9.24 -9.25 -9.27 -9.28 -9.28 -9.27 -9.28 -9.29 -9.31 -9.33 -9.35 -9.38 -9.42 -9.47 -9.52 -9.56 -9.58 -9.58 -9.58 -9.58 -9.58 -9.57 -9.56 -9.54 -9.53 -9.51 -9.49 -9.48 -9.47 -9.46 -9.46 -9.45 -9.45 -9.45 -9.45 -9.44 -9.44 -9.44 -9.43
-8.34 -8.32 -8.3 -8.28 -8.27 -8.26 -8.26 -8.25 -8.24 -8.25 -8.26 -8.27 -8.3 -8.32 -8.35 -8.39 -8.43 -8.46 -8.48 -8.5 -8.52 -8.55 -8.59 -8.64 -8.7 -8.73 -8.76 -8.77 -8.79 -8.81 -8.83 -8.84 -8.86 -8.87 -8.89 -8.93 -8.97 -8.99 -9.01 -9.02 -9.03 -9.04 -9.03 -9.02 -9 -9 -9.01 -9.03 -9.04 -9.05 -9.06 -9.06 -9.05 -9.04 -9.04 -9.03 -9.03 -9.04 -9.05 -9.07 -9.08 -9.1 -9.11 -9.13 -9.13 -9.11 -9.08 -9.06 -9.04 -9.02 -9 -8.99 -9 -9.02
-8.2 -8.2 -8.21 -8.21 -8.21 -8.2 -8.19 -8.17 -8.16 -8.14 -8.13 -8.13 -8.14 -8.16 -8.2 -8.23 -8.26 -8.28 -8.28 -8.3 -8.32 -8.35 -8.39 -8.44 -8.49 -8.54 -8.59 -8.64 -8.69 -8.72 -8.74 -8.76 -8.77 -8.79 -8.81 -8.82 -8.83 -8.82 -8.81 -8.8 -8.79 -8.79 -8.8 -8.81 -8.83 -8.84 -8.84 -8.85 -8.85 -8.86 -8.87 -8.87 -8.88 -8.88 -8.88 -8.89 -8.9 -8.92 -8.93 -8.92 -8.9 -8.88 -8.85 -8.83 -8.81 -8.8 -8.79 -8.81 -8.83 -8.85 -8.88 -8.89 -8.9 -8.91
-8.06 -8.07 -8.08 -8.09 -8.1 -8.11 -8.12 -8.13 -8.15 -8.16 -8.18 -8.19 -8.21 -8.23 -8.24 -8.25 -8.26 -8.27 -8.28 -8.29 -8.3 -8.31 -8.33 -8.35 -8.37 -8.4 -8.42 -8.45 -8.46 -8.47 -8.48 -8.48 -8.49 -8.49 -8.5 -8.51 -8.53 -8.55 -8.58 -8.61 -8.64 -8.67 -8.69 -8.71 -8.73 -8.75 -8.76 -8.76 -8.76 -8.75 -8.73 -8.72 -8.7 -8.68 -8.66 -8.66 -8.65 -8.65 -8.65 -8.66 -8.67 -8.67 -8.68 -8.69 -8.71 -8.74 -8.79 -8.84 -8.88 -8.92 -8.94 -8.97 -8.99 -8.99
-8 -8 -8 -8 -8 -8.01 -8.02 -8.04 -8.06 -8.07 -8.1 -8.13 -8.17 -8.22 -8.26 -8.3 -8.33 -8.36 -8.39 -8.42 -8.44 -8.46 -8.47 -8.47 -8.47 -8.46 -8.44 -8.43 -8.42 -8.42 -8.42 -8.44 -8.45 -8.46 -8.48 -8.49 -8.5 -8.51 -8.52 -8.52 -8.53 -8.53 -8.53 -8.54 -8.55 -8.55 -8.55 -8.54 -8.53 -8.52 -8.51 -8.52 -8.53 -8.55 -8.56 -8.58 -8.59 -8.6 -8.61 -8.61 -8.61 -8.61 -8.61 -8.61 -8.61 -8.61 -8.62 -8.64 -8.65 -8.66 -8.67 -8.67 -8.68 -8.7
-7.77 -7.76 -7.76 -7.77 -7.79 -7.83 -7.88 -7.93 -7.98 -8.02 -8.05 -8.08 -8.1 -8.1 -8.11 -8.13 -8.14 -8.15 -8.16 -8.16 -8.16 -8.16 -8.17 -8.19 -8.2 -8.22 -8.25 -8.28 -8.32 -8.35 -8.37 -8.39 -8.41 -8.44 -8.46 -8.46 -8.46 -8.45 -8.44 -8.43 -8.43 -8.42 -8.41 -8.41 -8.41 -8.42 -8.44 -8.44 -8.45 -8.45 -8.45 -8.46 -8.47 -8.47 -8.49 -8.5 -8.52 -8.54 -8.55 -8.56 -8.58 -8.6 -8.63 -8.66 -8.68 -8.71 -8.72 -8.73 -8.74 -8.74 -8.75 -8.75 -8.76 -8.77
-7.91 -7.91 -7.92 -7.92 -7.92 -7.92 -7.92 -7.92 -7.92 -7.92 -7.91 -7.91 -7.9 -7.89 -7.89 -7.9 -7.92 -7.95 -7.98 -8.02 -8.06 -8.07 -8.08 -8.09 -8.1 -8.13 -8.16 -8.21 -8.26 -8.32 -8.38 -8.42 -8.46 -8.49 -8.53 -8.55 -8.57 -8.57 -8.57 -8.56 -8.56 -8.57 -8.58 -8.59 -8.94 -12.64 -17.26 -16.31 -11.34 -8.88 -8.51 -8.49 -8.47 -8.47 -8.47 -8.49 -8.5 -8.52 -8.52 -8.5 -8.48 -8.47 -8.46 -8.47 -8.47 -8.48 -8.49 -8.5 -8.52 -8.55 -8.58 -8.61 -8.62 -8.64
-8.09 -8.09 -8.1 -8.1 -8.11 -8.11 -8.11 -8.11 -8.1 -8.08 -8.07 -8.05 -8.03 -8.01 -7.99 -7.98 -7.97 -7.97 -7.96 -7.96 -7.95 -7.94 -7.93 -7.92 -7.94 -7.98 -8.02 -8.05 -8.08 -8.11 -8.15 -8.2 -8.26 -8.3 -8.35 -8.4 -8.45 -8.49 -8.52 -8.55 -8.58 -8.6 -8.62 -8.62 -8.62 -8.61 -8.6 -8.59 -8.93 -12.3 -14.81 -11.94 -8.93 -8.62 -8.66 -8.69 -8.73 -8.76 -8.79 -8.81 -8.81 -8.81 -8.81 -8.81 -8.81 -8.79 -8.77 -8.75 -8.72 -8.68 -8.65 -8.63 -8.61 -8.62
-7.88 -7.94 -8 -8.06 -8.11 -8.13 -8.14 -8.13 -8.11 -8.09 -8.06 -8.04 -8.02 -8.01 -8 -8 -8 -7.99 -7.99 -7.98 -7.96 -7.94 -7.91 -7.89 -7.87 -7.88 -7.9 -7.95 -7.99 -8.03 -8.05 -8.06 -8.07 -8.09 -8.09 -8.09 -8.09 -8.09 -8.08 -8.09 -8.09 -8.09 -8.11 -8.14 -8.19 -8.26 -8.35 -8.44 -8.51 -9.82 -14.18 -18.24 -16.41 -11.46 -9.02 -8.68 -8.68 -8.69 -8.69 -8.7 -8.71 -8.71 -8.72 -8.73 -8.74 -8.74 -8.75 -9.11 -11.94 -16.04 -19.46 -21.02 -21.03 -19.85
-18.14 -13.37 -9.22 -8 -7.98 -7.97 -7.96 -7.95 -7.95 -7.96 -7.96 -7.97 -7.97 -7.98 -8 -8 -8 -7.98 -7.96 -7.95 -7.93 -7.93 -7.92 -7.92 -7.93 -7.94 -7.96 -7.99 -8.01 -8.04 -8.06 -8.07 -8.07 -8.06 -8.06 -8.05 -8.06 -8.09 -8.11 -8.14 -8.16 -8.19 -8.2 -8.21 -8.22 -8.23 -8.25 -8.27 -8.29 -8.33 -9.61 -13.9 -19.17 -20.38 -19.25 -18.36 -19.3 -20.84 -21.47 -21.56 -21.07 -19.6 -18.36 -16.85 -14.34 -12.82 -11.56 -10.03 -9.1 -9.09 -8.75 -8.74 -8.73 -8.72
-8.12 -8.13 -8.15 -8.17 -8.19 -8.2 -8.21 -8.22 -8.21 -8.2 -8.18 -8.17 -8.17 -8.16 -8.47 -11.7 -17.66 -20.85 -21.11 -21.03 -20.95 -20.88 -20.83 -20.45 -17.77 -13.06 -8.97 -7.76 -7.74 -7.74 -7.76 -7.8 -7.85 -7.9 -7.93 -7.95 -7.96 -7.97 -7.96 -7.96 -7.95 -7.95 -7.95 -7.93 -7.93 -7.93 -7.95 -7.97 -8 -8.05 -8.12 -8.19 -8.25 -8.31 -8.35 -8.38 -8.4 -8.41 -8.43 -8.44 -8.45 -8.45 -8.44 -8.41 -8.38 -8.36 -8.34 -8.32 -8.31 -8.31 -8.31 -8.31 -8.32 -8.33
-7.75 -7.72 -7.69 -7.66 -7.65 -7.96 -7.97 -8.85 -10.63 -13 -15.12 -14 -10.55 -8.25 -7.94 -7.95 -7.97 -7.97 -7.97 -7.95 -7.92 -7.88 -7.85 -7.81 -7.78 -7.73 -7.68 -7.63 -7.59 -7.58 -7.58 -7.6 -7.61 -7.61 -7.63 -7.66 -7.7 -7.74 -7.77 -7.81 -7.85 -7.89 -7.92 -7.95 -7.97 -7.99 -8.01 -8.03 -8.03 -8.04 -8.04 -8.05 -8.05 -8.05 -8.05 -8.06 -8.06 -8.07 -8.08 -8.1 -8.12 -8.15 -8.18 -8.19 -8.2 -8.22 -8.23 -8.23 -8.23 -8.24 -8.25 -8.26 -8.27 -8.28
-8.32 -8.27 -8.21 -8.16 -8.1 -8.02 -7.92 -7.83 -7.73 -7.64 -7.56 -7.51 -7.49 -7.5 -7.54 -7.6 -7.66 -7.71 -7.74 -7.75 -7.75 -7.74 -7.73 -7.72 -7.72 -7.73 -7.74 -7.74 -7.74 -7.72 -7.7 -7.67 -7.63 -7.59 -7.54 -7.49 -7.43 -7.37 -7.33 -7.3 -7.28 -7.27 -7.28 -7.29 -7.31 -7.34 -7.39 -7.43 -7.47 -7.49 -7.51 -7.54 -7.57 -7.59 -7.62 -7.63 -7.64 -7.64 -7.64 -7.65 -7.67 -7.69 -7.71 -7.73 -7.75 -7.77 -7.78 -7.81 -7.83 -7.87 -7.9 -7.93 -7.95 -7.95
-8.39 -8.42 -8.44 -8.47 -8.49 -8.51 -8.53 -8.55 -8.58 -8.6 -8.62 -8.61 -8.58 -8.5 -8.4 -8.27 -8.15 -8.03 -7.91 -7.82 -7.76 -7.76 -7.78 -7.8 -7.81 -7.82 -7.82 -7.82 -7.81 -7.8 -7.79 -7.81 -7.81 -7.79 -7.76 -7.74 -7.72 -7.7 -7.68 -7.66 -7.66 -7.66 -7.66 -7.64 -7.61 -7.58 -7.53 -7.47 -7.42 -7.38 -7.36 -7.37 -7.38 -7.4 -7.42 -7.46 -7.5 -7.55 -7.62 -7.68 -7.72 -7.74 -7.74 -7.74 -7.74 -7.76 -7.79 -7.83 -7.87 -7.9 -7.93 -7.96 -7.98 -7.99
-8.12 -8.15 -8.18 -8.2 -8.22 -8.23 -8.25 -8.27 -8.29 -8.31 -8.32 -8.33 -8.33 -8.33 -8.33 -8.32 -8.3 -8.29 -8.27 -8.24 -8.21 -8.17 -8.11 -8.05 -7.99 -7.94 -7.91 -7.89 -7.88 -7.88 -7.89 -7.9 -7.92 -7.94 -7.98 -8.02 -8.05 -8.08 -8.09 -8.08 -8.06 -8.04 -8 -7.96 -7.92 -7.88 -7.84 -7.8 -7.77 -7.75 -7.74 -7.74 -7.74 -7.74 -7.73 -7.7 -7.68 -7.66 -7.64 -7.62 -7.6 -7.58 -7.57 -7.56 -7.57 -7.61 -7.66 -7.72 -7.79 -7.85 -7.91 -7.94 -7.97 -7.98
-7.84 -7.9 -7.97 -8.04 -8.11 -8.17 -8.22 -8.26 -8.28 -8.3 -8.32 -8.36 -8.42 -8.48 -8.54 -8.6 -8.64 -8.66 -8.65 -8.62 -8.58 -8.55 -8.51 -8.47 -8.44 -8.4 -8.37 -8.34 -8.32 -8.3 -8.28 -8.27 -8.27 -8.27 -8.27 -8.27 -8.27 -8.27 -8.28 -8.3 -8.33 -8.37 -8.41 -8.47 -8.52 -8.58 -8.62 -8.66 -8.68 -8.67 -8.64 -8.61 -8.61 -8.63 -8.66 -8.69 -8.69 -8.66 -8.63 -8.6 -8.56 -8.5 -8.44 -8.39 -8.34 -8.28 -8.19 -8.09 -8 -7.97 -7.95 -7.92 -7.89 -7.87
