Assets/Terrain/localsurface512.asc
ncols 512
nrows 512
xllcorner 165100.000000000000
yllcorner 5628500.000000000000
cellsize 50.0
NODATA_value -9999
[rows 384 to 415 of 512, columns 370 to 443 of 512]
-11.39 -11.36 -11.31 -11.25 -11.2 -11.19 -11.23 -11.38 -11.47 -11.6 -11.74 -11.87 -11.96 -11.99 -11.95 -11.89 -11.83 -11.77 -11.72 -11.68 -11.68 -11.68 -11.68 -11.67 -11.66 -11.61 -11.6 -11.59 -11.59 -11.58 -11.55 -11.53 -11.55 -11.6 -11.64 -11.67 -11.68 -11.71 -11.75 -11.81 -11.86 -11.91 -11.93 -11.91 -11.89 -11.87 -11.86 -11.86 -11.84 -11.82 -11.8 -11.77 -11.74 -11.73 -11.75 -11.78 -11.83 -11.87 -11.89 -11.9 -11.9 -11.89 -11.87 -11.85 -11.82 -11.79 -11.78 -11.78 -11.79 -11.79 -11.79 -11.79 -11.76 -11.74
-11.29 -11.33 -11.31 -11.29 -11.27 -11.29 -11.35 -11.51 -11.59 -11.69 -11.82 -11.94 -12.02 -12.04 -12.01 -11.96 -11.9 -11.84 -11.8 -11.75 -11.75 -11.74 -11.74 -11.73 -11.71 -11.64 -11.63 -11.63 -11.63 -11.61 -11.59 -11.54 -11.56 -11.59 -11.63 -11.65 -11.67 -11.69 -11.72 -11.76 -11.81 -11.85 -11.89 -11.89 -11.88 -11.88 -11.88 -11.88 -11.88 -11.86 -11.84 -11.81 -11.78 -11.75 -11.74 -11.76 -11.79 -11.82 -11.84 -11.85 -11.86 -11.86 -11.85 -11.83 -11.81 -11.79 -11.77 -11.76 -11.75 -11.74 -11.74 -11.74 -11.74 -11.73
-11.21 -11.34 -11.35 -11.36 -11.38 -11.43 -11.51 -11.65 -11.72 -11.81 -11.9 -12.0 -12.06 -12.08 -12.06 -12.02 -11.98 -11.93 -11.89 -11.84 -11.82 -11.81 -11.8 -11.79 -11.76 -11.68 -11.66 -11.65 -11.64 -11.63 -11.61 -11.56 -11.56 -11.59 -11.62 -11.64 -11.66 -11.68 -11.7 -11.73 -11.76 -11.8 -11.85 -11.86 -11.87 -11.88 -11.89 -11.91 -11.92 -11.91 -11.89 -11.86 -11.82 -11.79 -11.75 -11.74 -11.76 -11.78 -11.79 -11.8 -11.81 -11.81 -11.81 -11.8 -11.79 -11.78 -11.76 -11.74 -11.72 -11.71 -11.7 -11.7 -11.72 -11.71
-11.18 -11.37 -11.4 -11.44 -11.49 -11.57 -11.65 -11.78 -11.84 -11.91 -11.98 -12.05 -12.09 -12.11 -12.1 -12.08 -12.04 -12.0 -11.97 -11.91 -11.89 -11.88 -11.87 -11.85 -11.81 -11.71 -11.68 -11.67 -11.66 -11.65 -11.63 -11.58 -11.57 -11.59 -11.62 -11.64 -11.65 -11.67 -11.68 -11.7 -11.73 -11.75 -11.81 -11.83 -11.85 -11.88 -11.9 -11.94 -11.97 -11.96 -11.95 -11.92 -11.88 -11.84 -11.76 -11.73 -11.72 -11.73 -11.75 -11.75 -11.76 -11.76 -11.76 -11.76 -11.76 -11.76 -11.76 -11.74 -11.72 -11.7 -11.68 -11.68 -11.69 -11.69
-11.2 -11.4 -11.45 -11.51 -11.59 -11.69 -11.77 -11.88 -11.92 -11.97 -12.02 -12.07 -12.1 -12.12 -12.12 -12.12 -12.09 -12.06 -12.03 -11.97 -11.95 -11.94 -11.93 -11.91 -11.86 -11.76 -11.72 -11.7 -11.68 -11.67 -11.65 -11.6 -11.59 -11.6 -11.63 -11.65 -11.66 -11.68 -11.69 -11.7 -11.71 -11.73 -11.79 -11.82 -11.85 -11.88 -11.92 -11.96 -12.01 -12.0 -11.99 -11.96 -11.93 -11.88 -11.78 -11.73 -11.7 -11.7 -11.71 -11.71 -11.7 -11.7 -11.7 -11.71 -11.73 -11.74 -11.75 -11.74 -11.71 -11.69 -11.67 -11.66 -11.67 -11.67
-11.33 -11.49 -11.56 -11.65 -11.75 -11.85 -11.93 -12.01 -12.01 -12.02 -12.03 -12.05 -12.06 -12.11 -12.14 -12.16 -12.16 -12.14 -12.11 -12.07 -12.05 -12.03 -12.01 -11.99 -11.96 -11.87 -11.83 -11.79 -11.76 -11.74 -11.71 -11.67 -11.66 -11.67 -11.68 -11.7 -11.71 -11.74 -11.76 -11.77 -11.78 -11.79 -11.84 -11.87 -11.9 -11.93 -11.97 -12.0 -12.05 -12.05 -12.04 -12.02 -12.0 -11.95 -11.82 -11.74 -11.67 -11.64 -11.62 -11.59 -11.56 -11.56 -11.57 -11.59 -11.63 -11.67 -11.73 -11.72 -11.7 -11.68 -11.66 -11.65 -11.63 -11.62
-11.4 -11.54 -11.62 -11.72 -11.83 -11.92 -11.99 -12.04 -12.04 -12.03 -12.03 -12.03 -12.04 -12.1 -12.14 -12.17 -12.18 -12.17 -12.14 -12.11 -12.09 -12.07 -12.05 -12.03 -12.01 -11.94 -11.89 -11.85 -11.81 -11.78 -11.75 -11.71 -11.7 -11.71 -11.72 -11.73 -11.75 -11.79 -11.81 -11.83 -11.84 -11.86 -11.9 -11.92 -11.93 -11.96 -11.99 -12.01 -12.06 -12.06 -12.05 -12.04 -12.01 -11.98 -11.85 -11.75 -11.67 -11.62 -11.57 -11.52 -11.48 -11.48 -11.49 -11.51 -11.56 -11.62 -11.7 -11.71 -11.7 -11.69 -11.67 -11.65 -11.6 -11.6
-11.46 -11.58 -11.66 -11.77 -11.87 -11.96 -12.03 -12.06 -12.05 -12.04 -12.02 -12.02 -12.03 -12.09 -12.15 -12.19 -12.21 -12.2 -12.19 -12.17 -12.15 -12.13 -12.11 -12.09 -12.07 -12.01 -11.97 -11.92 -11.86 -11.82 -11.79 -11.75 -11.75 -11.75 -11.76 -11.77 -11.79 -11.83 -11.85 -11.87 -11.89 -11.91 -11.94 -11.95 -11.96 -11.98 -12.0 -12.02 -12.05 -12.06 -12.05 -12.04 -12.02 -12.0 -11.87 -11.77 -11.68 -11.6 -11.53 -11.46 -11.4 -11.4 -11.42 -11.44 -11.49 -11.56 -11.67 -11.69 -11.7 -11.7 -11.69 -11.66 -11.59 -11.58
-11.52 -11.62 -11.7 -11.79 -11.89 -11.98 -12.04 -12.08 -12.06 -12.04 -12.02 -12.02 -12.02 -12.1 -12.16 -12.21 -12.24 -12.25 -12.26 -12.24 -12.22 -12.21 -12.19 -12.17 -12.15 -12.09 -12.04 -11.99 -11.92 -11.87 -11.83 -11.79 -11.78 -11.79 -11.8 -11.82 -11.83 -11.86 -11.88 -11.89 -11.91 -11.92 -11.94 -11.96 -11.97 -11.98 -11.99 -12.01 -12.04 -12.05 -12.04 -12.03 -12.01 -12.0 -11.88 -11.79 -11.69 -11.58 -11.49 -11.41 -11.34 -11.35 -11.36 -11.39 -11.44 -11.5 -11.63 -11.67 -11.69 -11.7 -11.7 -11.67 -11.58 -11.56
-11.57 -11.66 -11.73 -11.81 -11.89 -11.98 -12.04 -12.08 -12.07 -12.05 -12.03 -12.02 -12.03 -12.11 -12.17 -12.23 -12.28 -12.31 -12.33 -12.32 -12.31 -12.3 -12.29 -12.27 -12.24 -12.18 -12.12 -12.05 -11.99 -11.93 -11.88 -11.82 -11.81 -11.82 -11.84 -11.86 -11.86 -11.87 -11.87 -11.88 -11.89 -11.9 -11.92 -11.93 -11.95 -11.96 -11.97 -11.99 -12.02 -12.02 -12.01 -11.99 -11.99 -11.97 -11.87 -11.79 -11.69 -11.59 -11.48 -11.4 -11.32 -11.31 -11.32 -11.34 -11.38 -11.44 -11.58 -11.63 -11.67 -11.69 -11.7 -11.67 -11.59 -11.57
-11.62 -11.7 -11.77 -11.83 -11.9 -11.97 -12.03 -12.08 -12.07 -12.05 -12.04 -12.03 -12.05 -12.12 -12.18 -12.24 -12.31 -12.36 -12.39 -12.4 -12.4 -12.4 -12.39 -12.37 -12.35 -12.27 -12.2 -12.12 -12.06 -11.99 -11.93 -11.85 -11.84 -11.86 -11.88 -11.89 -11.89 -11.88 -11.86 -11.85 -11.85 -11.86 -11.87 -11.89 -11.91 -11.93 -11.94 -11.96 -11.98 -11.98 -11.96 -11.95 -11.94 -11.94 -11.85 -11.77 -11.69 -11.59 -11.49 -11.4 -11.31 -11.3 -11.29 -11.3 -11.33 -11.39 -11.53 -11.59 -11.64 -11.67 -11.69 -11.68 -11.61 -11.59
-11.71 -11.77 -11.81 -11.85 -11.9 -11.94 -11.99 -12.04 -12.05 -12.05 -12.06 -12.07 -12.09 -12.16 -12.21 -12.27 -12.34 -12.41 -12.46 -12.51 -12.52 -12.52 -12.53 -12.52 -12.5 -12.42 -12.35 -12.27 -12.19 -12.11 -12.03 -11.92 -11.9 -11.92 -11.94 -11.95 -11.95 -11.89 -11.84 -11.81 -11.79 -11.79 -11.81 -11.83 -11.85 -11.88 -11.9 -11.91 -11.93 -11.92 -11.89 -11.87 -11.87 -11.87 -11.82 -11.76 -11.68 -11.6 -11.51 -11.43 -11.33 -11.3 -11.27 -11.25 -11.25 -11.29 -11.43 -11.5 -11.56 -11.62 -11.66 -11.68 -11.65 -11.62
-11.74 -11.79 -11.82 -11.86 -11.89 -11.93 -11.96 -12.01 -12.03 -12.05 -12.07 -12.09 -12.12 -12.18 -12.24 -12.29 -12.35 -12.41 -12.47 -12.53 -12.55 -12.56 -12.56 -12.56 -12.54 -12.46 -12.4 -12.33 -12.25 -12.16 -12.08 -11.97 -11.94 -11.94 -11.96 -11.98 -11.97 -11.9 -11.85 -11.81 -11.79 -11.79 -11.81 -11.83 -11.86 -11.88 -11.91 -11.92 -11.92 -11.9 -11.88 -11.85 -11.85 -11.85 -11.81 -11.76 -11.7 -11.63 -11.54 -11.47 -11.37 -11.33 -11.3 -11.27 -11.26 -11.27 -11.39 -11.46 -11.53 -11.58 -11.63 -11.65 -11.65 -11.61
-11.77 -11.81 -11.83 -11.86 -11.88 -11.91 -11.93 -11.99 -12.02 -12.05 -12.08 -12.11 -12.14 -12.21 -12.26 -12.31 -12.36 -12.42 -12.47 -12.54 -12.57 -12.58 -12.59 -12.58 -12.57 -12.5 -12.45 -12.39 -12.31 -12.23 -12.15 -12.01 -11.97 -11.97 -11.98 -11.99 -11.99 -11.92 -11.87 -11.83 -11.82 -11.81 -11.83 -11.85 -11.88 -11.91 -11.93 -11.93 -11.92 -11.91 -11.87 -11.85 -11.84 -11.84 -11.81 -11.78 -11.73 -11.66 -11.59 -11.51 -11.42 -11.39 -11.36 -11.32 -11.28 -11.28 -11.36 -11.42 -11.48 -11.54 -11.58 -11.61 -11.62 -11.6
-11.79 -11.82 -11.83 -11.85 -11.87 -11.89 -11.91 -11.97 -12.01 -12.04 -12.08 -12.12 -12.16 -12.23 -12.27 -12.31 -12.37 -12.42 -12.47 -12.55 -12.57 -12.59 -12.6 -12.6 -12.58 -12.52 -12.48 -12.42 -12.35 -12.28 -12.21 -12.06 -12.01 -11.99 -11.99 -12.0 -11.99 -11.94 -11.9 -11.86 -11.84 -11.83 -11.85 -11.87 -11.9 -11.93 -11.94 -11.95 -11.93 -11.91 -11.88 -11.85 -11.84 -11.84 -11.82 -11.79 -11.75 -11.69 -11.63 -11.56 -11.47 -11.45 -11.42 -11.38 -11.33 -11.3 -11.34 -11.39 -11.44 -11.49 -11.53 -11.57 -11.6 -11.58
-11.81 -11.82 -11.83 -11.85 -11.86 -11.88 -11.89 -11.96 -12.0 -12.04 -12.09 -12.13 -12.17 -12.24 -12.28 -12.32 -12.37 -12.42 -12.47 -12.55 -12.58 -12.59 -12.6 -12.6 -12.6 -12.54 -12.5 -12.45 -12.39 -12.32 -12.26 -12.1 -12.04 -12.01 -12.01 -12.01 -12.0 -11.96 -11.92 -11.88 -11.86 -11.85 -11.86 -11.88 -11.91 -11.94 -11.96 -11.96 -11.94 -11.92 -11.88 -11.85 -11.84 -11.84 -11.82 -11.79 -11.76 -11.72 -11.66 -11.61 -11.52 -11.5 -11.47 -11.43 -11.37 -11.32 -11.33 -11.36 -11.4 -11.45 -11.5 -11.54 -11.57 -11.57
-11.83 -11.83 -11.83 -11.84 -11.85 -11.86 -11.87 -11.94 -11.99 -12.04 -12.08 -12.13 -12.17 -12.25 -12.29 -12.33 -12.37 -12.42 -12.47 -12.56 -12.59 -12.6 -12.61 -12.62 -12.62 -12.58 -12.53 -12.48 -12.42 -12.35 -12.29 -12.14 -12.07 -12.04 -12.03 -12.03 -12.02 -11.99 -11.95 -11.91 -11.89 -11.88 -11.88 -11.9 -11.93 -11.96 -11.97 -11.98 -11.95 -11.93 -11.89 -11.85 -11.84 -11.84 -11.82 -11.8 -11.77 -11.73 -11.69 -11.64 -11.56 -11.54 -11.51 -11.47 -11.4 -11.34 -11.32 -11.34 -11.38 -11.42 -11.47 -11.51 -11.56 -11.56
-11.87 -11.84 -11.83 -11.83 -11.84 -11.84 -11.85 -11.89 -11.93 -11.99 -12.06 -12.12 -12.17 -12.27 -12.31 -12.36 -12.4 -12.44 -12.48 -12.57 -12.6 -12.62 -12.64 -12.66 -12.67 -12.66 -12.62 -12.57 -12.5 -12.43 -12.36 -12.22 -12.16 -12.13 -12.12 -12.11 -12.1 -12.07 -12.04 -12.01 -11.99 -11.97 -11.95 -11.96 -11.98 -11.99 -12.0 -12.0 -11.97 -11.94 -11.89 -11.85 -11.83 -11.81 -11.78 -11.76 -11.74 -11.72 -11.7 -11.67 -11.61 -11.58 -11.55 -11.5 -11.45 -11.4 -11.34 -11.34 -11.36 -11.39 -11.43 -11.47 -11.54 -11.55
-11.91 -11.86 -11.85 -11.85 -11.85 -11.85 -11.85 -11.87 -11.91 -11.96 -12.03 -12.1 -12.16 -12.28 -12.33 -12.37 -12.41 -12.45 -12.48 -12.56 -12.6 -12.62 -12.65 -12.67 -12.69 -12.7 -12.67 -12.62 -12.56 -12.49 -12.42 -12.28 -12.22 -12.19 -12.18 -12.16 -12.15 -12.12 -12.09 -12.07 -12.05 -12.03 -12.0 -12.0 -12.0 -12.0 -12.01 -12.0 -11.97 -11.94 -11.89 -11.85 -11.82 -11.79 -11.74 -11.72 -11.7 -11.69 -11.67 -11.65 -11.61 -11.59 -11.56 -11.52 -11.48 -11.44 -11.38 -11.36 -11.36 -11.39 -11.43 -11.47 -11.53 -11.54
-11.99 -11.92 -11.91 -11.89 -11.88 -11.88 -11.87 -11.87 -11.9 -11.94 -12.01 -12.08 -12.15 -12.29 -12.34 -12.39 -12.43 -12.46 -12.49 -12.55 -12.58 -12.61 -12.64 -12.68 -12.71 -12.74 -12.71 -12.67 -12.62 -12.56 -12.49 -12.34 -12.28 -12.25 -12.23 -12.21 -12.19 -12.16 -12.14 -12.13 -12.1 -12.09 -12.06 -12.04 -12.03 -12.02 -12.01 -12.01 -11.97 -11.94 -11.89 -11.84 -11.8 -11.77 -11.7 -11.67 -11.65 -11.65 -11.64 -11.63 -11.6 -11.58 -11.56 -11.54 -11.51 -11.49 -11.43 -11.39 -11.38 -11.4 -11.44 -11.47 -11.52 -11.54
-12.16 -12.04 -12.01 -11.98 -11.94 -11.92 -11.91 -11.89 -11.9 -11.94 -12.0 -12.07 -12.15 -12.3 -12.36 -12.4 -12.44 -12.47 -12.5 -12.54 -12.57 -12.59 -12.62 -12.67 -12.72 -12.77 -12.75 -12.71 -12.66 -12.6 -12.54 -12.4 -12.34 -12.3 -12.27 -12.25 -12.23 -12.21 -12.19 -12.18 -12.16 -12.15 -12.11 -12.08 -12.05 -12.04 -12.02 -12.01 -11.98 -11.94 -11.89 -11.84 -11.79 -11.74 -11.66 -11.63 -11.61 -11.61 -11.62 -11.61 -11.58 -11.57 -11.56 -11.55 -11.55 -11.53 -11.48 -11.44 -11.41 -11.42 -11.45 -11.48 -11.52 -11.54
-12.38 -12.23 -12.16 -12.1 -12.04 -12.0 -11.97 -11.93 -11.93 -11.96 -12.01 -12.07 -12.14 -12.29 -12.36 -12.41 -12.45 -12.48 -12.5 -12.54 -12.56 -12.57 -12.6 -12.65 -12.7 -12.78 -12.77 -12.75 -12.69 -12.63 -12.56 -12.43 -12.37 -12.33 -12.3 -12.28 -12.27 -12.25 -12.24 -12.23 -12.22 -12.21 -12.16 -12.12 -12.09 -12.06 -12.04 -12.02 -11.97 -11.94 -11.89 -11.83 -11.77 -11.72 -11.64 -11.61 -11.6 -11.6 -11.6 -11.6 -11.58 -11.58 -11.58 -11.58 -11.58 -11.58 -11.54 -11.49 -11.45 -11.45 -11.46 -11.48 -11.52 -11.54
-12.65 -12.46 -12.37 -12.26 -12.19 -12.11 -12.05 -11.98 -11.98 -12.0 -12.04 -12.09 -12.15 -12.29 -12.36 -12.42 -12.46 -12.49 -12.51 -12.54 -12.55 -12.56 -12.58 -12.62 -12.67 -12.77 -12.78 -12.76 -12.72 -12.65 -12.58 -12.44 -12.39 -12.34 -12.32 -12.3 -12.3 -12.29 -12.28 -12.27 -12.26 -12.25 -12.2 -12.16 -12.12 -12.09 -12.06 -12.03 -11.96 -11.92 -11.87 -11.82 -11.77 -11.72 -11.63 -11.61 -11.6 -11.6 -11.6 -11.6 -11.6 -11.6 -11.61 -11.61 -11.62 -11.62 -11.59 -11.55 -11.5 -11.47 -11.47 -11.47 -11.51 -11.54
-13.19 -13.04 -12.94 -12.78 -12.61 -12.45 -12.34 -12.21 -12.17 -12.15 -12.14 -12.16 -12.19 -12.3 -12.36 -12.42 -12.47 -12.5 -12.51 -12.53 -12.53 -12.54 -12.55 -12.57 -12.61 -12.73 -12.76 -12.77 -12.74 -12.68 -12.61 -12.46 -12.41 -12.37 -12.36 -12.36 -12.36 -12.37 -12.36 -12.35 -12.33 -12.31 -12.27 -12.23 -12.19 -12.15 -12.1 -12.05 -11.96 -11.9 -11.85 -11.8 -11.75 -11.71 -11.65 -11.63 -11.62 -11.62 -11.62 -11.62 -11.64 -11.65 -11.66 -11.67 -11.68 -11.69 -11.69 -11.65 -11.59 -11.53 -11.48 -11.45 -11.48 -11.53
-13.43 -13.3 -13.22 -13.07 -12.89 -12.72 -12.57 -12.4 -12.32 -12.26 -12.23 -12.23 -12.24 -12.31 -12.36 -12.42 -12.46 -12.49 -12.51 -12.51 -12.52 -12.52 -12.53 -12.55 -12.58 -12.68 -12.73 -12.74 -12.72 -12.67 -12.61 -12.48 -12.43 -12.41 -12.4 -12.41 -12.42 -12.43 -12.41 -12.39 -12.36 -12.33 -12.29 -12.26 -12.22 -12.17 -12.13 -12.07 -11.96 -11.91 -11.86 -11.81 -11.77 -11.73 -11.67 -11.64 -11.63 -11.62 -11.62 -11.63 -11.65 -11.67 -11.67 -11.68 -11.7 -11.71 -11.71 -11.68 -11.62 -11.55 -11.48 -11.44 -11.46 -11.51
-13.65 -13.53 -13.45 -13.32 -13.18 -13.02 -12.87 -12.63 -12.51 -12.41 -12.35 -12.32 -12.3 -12.33 -12.37 -12.41 -12.45 -12.48 -12.49 -12.5 -12.5 -12.5 -12.51 -12.52 -12.55 -12.63 -12.67 -12.7 -12.7 -12.66 -12.61 -12.5 -12.46 -12.45 -12.45 -12.47 -12.49 -12.49 -12.47 -12.43 -12.39 -12.35 -12.3 -12.27 -12.24 -12.2 -12.15 -12.09 -11.98 -11.92 -11.88 -11.84 -11.8 -11.76 -11.69 -11.66 -11.63 -11.62 -11.62 -11.63 -11.66 -11.67 -11.68 -11.69 -11.7 -11.71 -11.7 -11.68 -11.63 -11.55 -11.48 -11.44 -11.44 -11.48
-13.84 -13.75 -13.65 -13.55 -13.44 -13.32 -13.17 -12.85 -12.71 -12.59 -12.5 -12.43 -12.38 -12.36 -12.38 -12.41 -12.44 -12.47 -12.48 -12.47 -12.48 -12.48 -12.49 -12.49 -12.51 -12.57 -12.62 -12.66 -12.67 -12.65 -12.61 -12.53 -12.5 -12.5 -12.51 -12.54 -12.57 -12.56 -12.53 -12.48 -12.43 -12.39 -12.32 -12.29 -12.25 -12.21 -12.17 -12.12 -12.0 -11.95 -11.9 -11.87 -11.84 -11.8 -11.72 -11.67 -11.63 -11.61 -11.61 -11.62 -11.66 -11.67 -11.68 -11.68 -11.69 -11.69 -11.68 -11.66 -11.62 -11.55 -11.48 -11.43 -11.42 -11.45
-14.02 -13.95 -13.87 -13.78 -13.69 -13.57 -13.44 -13.09 -12.94 -12.8 -12.68 -12.57 -12.48 -12.42 -12.41 -12.42 -12.45 -12.46 -12.47 -12.46 -12.46 -12.46 -12.46 -12.47 -12.48 -12.52 -12.56 -12.61 -12.64 -12.63 -12.61 -12.55 -12.54 -12.55 -12.58 -12.61 -12.64 -12.62 -12.59 -12.53 -12.47 -12.42 -12.34 -12.31 -12.27 -12.23 -12.19 -12.14 -12.03 -11.97 -11.93 -11.9 -11.88 -11.84 -11.74 -11.68 -11.63 -11.6 -11.59 -11.61 -11.65 -11.66 -11.67 -11.67 -11.67 -11.66 -11.65 -11.64 -11.6 -11.54 -11.48 -11.43 -11.39 -11.41
-14.32 -14.27 -14.23 -14.18 -14.11 -14.0 -13.9 -13.65 -13.5 -13.34 -13.18 -13.03 -12.91 -12.7 -12.61 -12.56 -12.52 -12.5 -12.48 -12.45 -12.44 -12.44 -12.44 -12.44 -12.44 -12.45 -12.5 -12.55 -12.59 -12.61 -12.62 -12.62 -12.63 -12.65 -12.68 -12.71 -12.73 -12.69 -12.64 -12.58 -12.51 -12.44 -12.37 -12.33 -12.29 -12.25 -12.21 -12.17 -12.08 -12.03 -11.99 -11.96 -11.92 -11.88 -11.75 -11.68 -11.62 -11.59 -11.58 -11.6 -11.64 -11.64 -11.63 -11.62 -11.61 -11.6 -11.59 -11.58 -11.57 -11.52 -11.47 -11.42 -11.36 -11.35
-14.46 -14.42 -14.39 -14.35 -14.29 -14.21 -14.14 -13.94 -13.8 -13.66 -13.49 -13.33 -13.17 -12.86 -12.75 -12.65 -12.58 -12.53 -12.5 -12.46 -12.45 -12.45 -12.45 -12.44 -12.43 -12.44 -12.47 -12.52 -12.56 -12.6 -12.62 -12.66 -12.68 -12.71 -12.73 -12.74 -12.75 -12.71 -12.65 -12.59 -12.53 -12.47 -12.39 -12.34 -12.3 -12.26 -12.22 -12.18 -12.11 -12.06 -12.02 -11.98 -11.94 -11.88 -11.74 -11.67 -11.62 -11.59 -11.59 -11.6 -11.62 -11.62 -11.6 -11.58 -11.57 -11.56 -11.56 -11.56 -11.55 -11.51 -11.47 -11.42 -11.36 -11.34
-14.72 -14.56 -14.54 -14.51 -14.47 -14.41 -14.37 -14.2 -14.07 -13.93 -13.78 -13.62 -13.46 -13.06 -12.92 -12.78 -12.67 -12.6 -12.56 -12.49 -12.47 -12.47 -12.47 -12.46 -12.45 -12.44 -12.46 -12.49 -12.53 -12.58 -12.62 -12.69 -12.72 -12.74 -12.76 -12.77 -12.76 -12.72 -12.67 -12.61 -12.56 -12.51 -12.43 -12.37 -12.31 -12.26 -12.22 -12.19 -12.13 -12.09 -12.05 -12.0 -11.94 -11.87 -11.72 -11.66 -11.62 -11.6 -11.6 -11.61 -11.61 -11.6 -11.58 -11.55 -11.54 -11.53 -11.54 -11.54 -11.53 -11.51 -11.47 -11.43 -11.37 -11.35
-16.78 -15.07 -14.8 -14.66 -14.63 -14.6 -14.56 -14.4 -14.27 -14.15 -14.02 -13.89 -13.74 -13.34 -13.15 -12.99 -12.85 -12.75 -12.7 -12.59 -12.54 -12.54 -12.54 -12.53 -12.5 -12.46 -12.46 -12.48 -12.51 -12.56 -12.61 -12.7 -12.74 -12.76 -12.77 -12.77 -12.77 -12.72 -12.68 -12.63 -12.59 -12.55 -12.47 -12.4 -12.32 -12.27 -12.22 -12.19 -12.14 -12.1 -12.06 -12.02 -11.95 -11.88 -11.72 -11.66 -11.63 -11.62 -11.61 -11.61 -11.6 -11.59 -11.55 -11.52 -11.51 -11.51 -11.53 -11.54 -11.53 -11.51 -11.48 -11.45 -11.39 -11.37
