Assets/Terrain/localsurface512.asc
ncols 512
nrows 512
xllcorner 165100.000000000000
yllcorner 5628500.000000000000
cellsize 50.0
NODATA_value -9999
[rows 352 to 383 of 512, columns 222 to 295 of 512]
-10.3 -10.32 -10.41 -10.47 -10.54 -10.6 -10.65 -10.69 -10.73 -10.75 -10.78 -10.82 -10.87 -10.93 -11.04 -11.08 -11.12 -11.16 -11.19 -11.22 -11.26 -11.29 -11.34 -11.39 -11.44 -11.49 -11.55 -11.56 -11.57 -11.57 -11.56 -11.54 -11.46 -11.43 -11.41 -11.42 -11.45 -11.55 -11.6 -11.64 -11.67 -11.69 -11.72 -11.73 -11.73 -11.72 -11.72 -11.71 -11.7 -11.68 -11.7 -11.76 -11.85 -11.97 -12.14 -12.53 -12.69 -14.58 -18.01 -22.87 -26.3 -26.54 -23.38 -19.84 -18.41 -18.26 -17.77 -16.18 -16.23 -16.28 -17.14 -19.14 -21.92 -26.98
-10.25 -10.27 -10.35 -10.42 -10.5 -10.57 -10.62 -10.66 -10.71 -10.73 -10.76 -10.8 -10.86 -10.92 -11.03 -11.07 -11.1 -11.14 -11.18 -11.22 -11.27 -11.29 -11.34 -11.39 -11.44 -11.49 -11.55 -11.56 -11.57 -11.58 -11.57 -11.56 -11.48 -11.43 -11.41 -11.4 -11.42 -11.5 -11.55 -11.59 -11.61 -11.63 -11.65 -11.65 -11.66 -11.66 -11.66 -11.66 -11.64 -11.62 -11.64 -11.69 -11.77 -11.9 -12.05 -12.4 -12.57 -12.7 -14.56 -17.98 -22.51 -27.53 -27.08 -25.68 -24.93 -24.91 -23.97 -21.21 -21.01 -21.3 -22.48 -24.73 -27.14 -29.49
-10.17 -10.19 -10.28 -10.34 -10.42 -10.5 -10.58 -10.64 -10.7 -10.73 -10.77 -10.8 -10.84 -10.89 -10.97 -11.02 -11.06 -11.11 -11.16 -11.2 -11.26 -11.29 -11.32 -11.35 -11.39 -11.41 -11.46 -11.48 -11.48 -11.5 -11.51 -11.52 -11.46 -11.42 -11.38 -11.36 -11.35 -11.4 -11.45 -11.48 -11.5 -11.51 -11.5 -11.51 -11.52 -11.54 -11.56 -11.57 -11.58 -11.57 -11.58 -11.62 -11.69 -11.79 -11.92 -12.21 -12.36 -12.49 -12.57 -12.63 -13.74 -18.71 -22.02 -24.97 -27.3 -28.56 -29.0 -29.0 -29.07 -29.12 -29.17 -29.46 -29.48 -27.35
-10.14 -10.16 -10.25 -10.32 -10.4 -10.48 -10.57 -10.64 -10.72 -10.75 -10.78 -10.81 -10.85 -10.88 -10.95 -10.99 -11.04 -11.09 -11.14 -11.19 -11.25 -11.28 -11.3 -11.33 -11.35 -11.37 -11.41 -11.42 -11.43 -11.45 -11.47 -11.48 -11.44 -11.4 -11.36 -11.33 -11.32 -11.36 -11.4 -11.43 -11.44 -11.44 -11.44 -11.45 -11.46 -11.48 -11.51 -11.54 -11.56 -11.57 -11.58 -11.62 -11.67 -11.75 -11.86 -12.13 -12.27 -12.38 -12.44 -12.49 -12.55 -14.15 -16.37 -19.28 -22.31 -24.91 -26.6 -27.56 -27.65 -27.72 -27.76 -27.77 -26.96 -22.14
-10.13 -10.15 -10.25 -10.32 -10.39 -10.48 -10.57 -10.64 -10.74 -10.78 -10.8 -10.83 -10.85 -10.88 -10.94 -10.98 -11.02 -11.07 -11.12 -11.17 -11.24 -11.27 -11.29 -11.31 -11.33 -11.34 -11.37 -11.38 -11.39 -11.41 -11.44 -11.45 -11.42 -11.38 -11.34 -11.31 -11.3 -11.32 -11.35 -11.38 -11.39 -11.39 -11.38 -11.39 -11.41 -11.44 -11.48 -11.52 -11.54 -11.57 -11.58 -11.61 -11.66 -11.72 -11.81 -12.06 -12.18 -12.28 -12.32 -12.37 -12.44 -12.63 -13.14 -14.34 -16.5 -18.87 -20.93 -22.62 -22.72 -22.78 -22.8 -22.54 -21.39 -16.68
-10.13 -10.15 -10.25 -10.32 -10.39 -10.48 -10.57 -10.64 -10.76 -10.8 -10.83 -10.84 -10.86 -10.89 -10.94 -10.97 -11.01 -11.06 -11.11 -11.15 -11.22 -11.25 -11.28 -11.3 -11.31 -11.31 -11.33 -11.35 -11.37 -11.39 -11.41 -11.43 -11.41 -11.37 -11.33 -11.3 -11.28 -11.3 -11.32 -11.34 -11.35 -11.35 -11.35 -11.36 -11.38 -11.42 -11.46 -11.5 -11.53 -11.56 -11.58 -11.6 -11.65 -11.7 -11.78 -11.98 -12.09 -12.18 -12.22 -12.27 -12.34 -12.51 -12.63 -12.8 -13.37 -14.27 -15.6 -16.65 -16.75 -16.78 -16.77 -16.73 -16.01 -13.89
-10.13 -10.16 -10.25 -10.32 -10.4 -10.48 -10.56 -10.63 -10.76 -10.81 -10.84 -10.86 -10.87 -10.89 -10.95 -10.97 -11.01 -11.05 -11.09 -11.13 -11.21 -11.24 -11.27 -11.29 -11.29 -11.3 -11.31 -11.33 -11.35 -11.37 -11.4 -11.42 -11.4 -11.36 -11.32 -11.29 -11.27 -11.28 -11.3 -11.32 -11.33 -11.33 -11.33 -11.35 -11.37 -11.41 -11.46 -11.5 -11.52 -11.56 -11.57 -11.6 -11.63 -11.69 -11.75 -11.94 -12.03 -12.1 -12.14 -12.19 -12.26 -12.42 -12.52 -12.67 -12.86 -13.05 -13.52 -13.9 -13.98 -13.98 -13.96 -13.91 -13.84 -13.38
-10.13 -10.16 -10.27 -10.34 -10.42 -10.49 -10.55 -10.6 -10.71 -10.77 -10.82 -10.86 -10.89 -10.91 -10.94 -10.96 -10.98 -11.0 -11.04 -11.08 -11.18 -11.23 -11.26 -11.27 -11.28 -11.28 -11.28 -11.3 -11.31 -11.32 -11.34 -11.35 -11.34 -11.31 -11.29 -11.26 -11.25 -11.25 -11.27 -11.29 -11.3 -11.3 -11.3 -11.33 -11.37 -11.42 -11.47 -11.5 -11.53 -11.56 -11.57 -11.59 -11.61 -11.66 -11.72 -11.88 -11.95 -11.99 -12.03 -12.07 -12.12 -12.25 -12.33 -12.45 -12.62 -12.82 -13.02 -13.33 -13.38 -13.38 -13.37 -13.33 -13.27 -13.08
-10.13 -10.16 -10.28 -10.35 -10.44 -10.51 -10.56 -10.61 -10.71 -10.77 -10.83 -10.87 -10.9 -10.92 -10.95 -10.96 -10.97 -10.99 -11.01 -11.05 -11.16 -11.21 -11.25 -11.27 -11.27 -11.27 -11.27 -11.27 -11.28 -11.29 -11.3 -11.3 -11.29 -11.28 -11.27 -11.25 -11.23 -11.24 -11.26 -11.27 -11.28 -11.29 -11.29 -11.33 -11.37 -11.42 -11.47 -11.5 -11.53 -11.56 -11.57 -11.58 -11.6 -11.63 -11.69 -11.84 -11.91 -11.95 -11.98 -12.01 -12.06 -12.16 -12.22 -12.32 -12.47 -12.64 -12.82 -13.1 -13.15 -13.17 -13.18 -13.15 -13.09 -12.92
-10.12 -10.16 -10.28 -10.35 -10.44 -10.52 -10.59 -10.64 -10.74 -10.8 -10.85 -10.89 -10.92 -10.95 -10.97 -10.97 -10.97 -10.98 -11.0 -11.04 -11.15 -11.2 -11.23 -11.25 -11.26 -11.25 -11.24 -11.25 -11.25 -11.26 -11.26 -11.27 -11.26 -11.25 -11.24 -11.22 -11.22 -11.23 -11.25 -11.27 -11.28 -11.29 -11.3 -11.36 -11.4 -11.44 -11.48 -11.51 -11.54 -11.57 -11.57 -11.58 -11.59 -11.62 -11.66 -11.8 -11.86 -11.91 -11.94 -11.96 -12.0 -12.08 -12.13 -12.21 -12.32 -12.45 -12.59 -12.86 -12.91 -12.95 -12.97 -12.95 -12.88 -12.7
-10.12 -10.16 -10.27 -10.35 -10.43 -10.53 -10.61 -10.68 -10.8 -10.86 -10.9 -10.94 -10.96 -10.98 -11.0 -10.99 -10.98 -10.99 -11.0 -11.04 -11.14 -11.19 -11.22 -11.24 -11.24 -11.24 -11.22 -11.22 -11.22 -11.23 -11.23 -11.23 -11.23 -11.22 -11.21 -11.21 -11.21 -11.23 -11.26 -11.29 -11.31 -11.32 -11.34 -11.41 -11.45 -11.49 -11.52 -11.55 -11.57 -11.59 -11.59 -11.59 -11.59 -11.61 -11.64 -11.76 -11.82 -11.86 -11.9 -11.93 -11.96 -12.03 -12.08 -12.14 -12.23 -12.33 -12.44 -12.67 -12.72 -12.75 -12.77 -12.75 -12.68 -12.47
-10.11 -10.15 -10.27 -10.34 -10.43 -10.53 -10.63 -10.72 -10.87 -10.92 -10.95 -10.98 -11.01 -11.03 -11.03 -11.02 -11.01 -11.01 -11.02 -11.05 -11.14 -11.18 -11.21 -11.23 -11.23 -11.23 -11.21 -11.2 -11.2 -11.2 -11.2 -11.2 -11.19 -11.18 -11.18 -11.19 -11.2 -11.25 -11.29 -11.33 -11.36 -11.39 -11.41 -11.49 -11.52 -11.55 -11.58 -11.6 -11.62 -11.62 -11.61 -11.6 -11.6 -11.61 -11.64 -11.73 -11.78 -11.83 -11.87 -11.91 -11.95 -12.02 -12.07 -12.13 -12.2 -12.28 -12.36 -12.54 -12.57 -12.59 -12.6 -12.57 -12.51 -12.29
-10.1 -10.14 -10.26 -10.33 -10.42 -10.53 -10.64 -10.75 -10.91 -10.96 -10.99 -11.01 -11.04 -11.06 -11.07 -11.05 -11.04 -11.03 -11.04 -11.06 -11.14 -11.18 -11.21 -11.22 -11.22 -11.21 -11.2 -11.19 -11.19 -11.18 -11.17 -11.17 -11.15 -11.15 -11.15 -11.17 -11.2 -11.28 -11.33 -11.37 -11.42 -11.46 -11.5 -11.58 -11.6 -11.63 -11.66 -11.67 -11.68 -11.66 -11.64 -11.62 -11.61 -11.61 -11.63 -11.71 -11.75 -11.8 -11.85 -11.9 -11.94 -12.04 -12.09 -12.15 -12.22 -12.28 -12.34 -12.44 -12.46 -12.46 -12.46 -12.43 -12.37 -12.17
-10.1 -10.14 -10.26 -10.34 -10.42 -10.53 -10.64 -10.75 -10.9 -10.94 -10.98 -11.01 -11.05 -11.09 -11.12 -11.11 -11.09 -11.08 -11.08 -11.1 -11.16 -11.19 -11.22 -11.24 -11.24 -11.23 -11.22 -11.21 -11.2 -11.19 -11.17 -11.14 -11.12 -11.14 -11.17 -11.21 -11.26 -11.38 -11.43 -11.49 -11.55 -11.61 -11.67 -11.74 -11.77 -11.79 -11.8 -11.8 -11.79 -11.74 -11.71 -11.68 -11.66 -11.66 -11.67 -11.72 -11.75 -11.8 -11.86 -11.92 -11.98 -12.11 -12.17 -12.23 -12.28 -12.3 -12.3 -12.29 -12.28 -12.27 -12.24 -12.2 -12.15 -12.05
-10.11 -10.16 -10.27 -10.34 -10.43 -10.53 -10.64 -10.74 -10.87 -10.91 -10.95 -10.99 -11.04 -11.08 -11.14 -11.13 -11.12 -11.11 -11.11 -11.12 -11.17 -11.2 -11.24 -11.26 -11.27 -11.27 -11.25 -11.25 -11.24 -11.22 -11.19 -11.16 -11.14 -11.17 -11.21 -11.27 -11.33 -11.45 -11.51 -11.57 -11.63 -11.69 -11.74 -11.81 -11.83 -11.85 -11.85 -11.85 -11.84 -11.78 -11.74 -11.72 -11.71 -11.71 -11.72 -11.77 -11.8 -11.84 -11.9 -11.96 -12.02 -12.15 -12.21 -12.26 -12.28 -12.27 -12.24 -12.2 -12.18 -12.17 -12.14 -12.11 -12.08 -12.02
-10.13 -10.17 -10.29 -10.35 -10.43 -10.53 -10.62 -10.71 -10.82 -10.86 -10.91 -10.96 -11.01 -11.07 -11.14 -11.15 -11.15 -11.14 -11.14 -11.14 -11.19 -11.22 -11.26 -11.29 -11.3 -11.3 -11.3 -11.29 -11.28 -11.26 -11.22 -11.18 -11.17 -11.21 -11.27 -11.34 -11.41 -11.53 -11.6 -11.66 -11.71 -11.76 -11.8 -11.87 -11.89 -11.9 -11.9 -11.9 -11.88 -11.8 -11.78 -11.76 -11.76 -11.77 -11.78 -11.83 -11.87 -11.9 -11.95 -12.01 -12.07 -12.19 -12.24 -12.26 -12.25 -12.21 -12.16 -12.09 -12.08 -12.07 -12.06 -12.05 -12.04 -12.01
-10.14 -10.18 -10.29 -10.36 -10.43 -10.51 -10.6 -10.66 -10.76 -10.8 -10.86 -10.91 -10.98 -11.04 -11.14 -11.16 -11.16 -11.16 -11.15 -11.16 -11.2 -11.24 -11.28 -11.31 -11.33 -11.34 -11.33 -11.33 -11.32 -11.3 -11.26 -11.21 -11.21 -11.26 -11.33 -11.41 -11.48 -11.61 -11.67 -11.72 -11.77 -11.81 -11.86 -11.92 -11.93 -11.94 -11.94 -11.93 -11.9 -11.83 -11.81 -11.81 -11.82 -11.83 -11.85 -11.92 -11.95 -11.97 -12.01 -12.06 -12.12 -12.23 -12.25 -12.25 -12.2 -12.13 -12.05 -11.98 -11.98 -11.98 -11.98 -12.0 -12.01 -12.01
-10.15 -10.18 -10.29 -10.35 -10.42 -10.49 -10.56 -10.61 -10.69 -10.74 -10.79 -10.85 -10.92 -10.99 -11.11 -11.13 -11.14 -11.15 -11.15 -11.16 -11.2 -11.24 -11.28 -11.32 -11.34 -11.36 -11.36 -11.36 -11.35 -11.33 -11.3 -11.26 -11.27 -11.33 -11.4 -11.47 -11.54 -11.67 -11.72 -11.76 -11.8 -11.84 -11.88 -11.93 -11.94 -11.95 -11.96 -11.95 -11.93 -11.87 -11.86 -11.86 -11.87 -11.89 -11.92 -11.99 -12.02 -12.04 -12.07 -12.11 -12.16 -12.24 -12.24 -12.21 -12.15 -12.05 -11.96 -11.89 -11.89 -11.91 -11.93 -11.96 -11.99 -12.01
-10.16 -10.19 -10.28 -10.34 -10.4 -10.46 -10.51 -10.55 -10.62 -10.67 -10.72 -10.79 -10.85 -10.92 -11.05 -11.09 -11.11 -11.12 -11.13 -11.14 -11.19 -11.23 -11.28 -11.32 -11.35 -11.37 -11.38 -11.39 -11.38 -11.37 -11.35 -11.32 -11.35 -11.4 -11.47 -11.53 -11.59 -11.7 -11.74 -11.78 -11.81 -11.84 -11.87 -11.91 -11.93 -11.94 -11.96 -11.96 -11.96 -11.91 -11.9 -11.91 -11.92 -11.95 -11.98 -12.05 -12.08 -12.11 -12.13 -12.15 -12.19 -12.22 -12.2 -12.15 -12.07 -11.98 -11.89 -11.82 -11.83 -11.86 -11.89 -11.92 -11.96 -11.99
-10.2 -10.21 -10.26 -10.29 -10.33 -10.37 -10.41 -10.44 -10.5 -10.54 -10.6 -10.66 -10.72 -10.78 -10.94 -11.0 -11.03 -11.06 -11.08 -11.1 -11.17 -11.22 -11.26 -11.31 -11.34 -11.37 -11.41 -11.43 -11.43 -11.44 -11.44 -11.45 -11.5 -11.55 -11.6 -11.65 -11.69 -11.73 -11.74 -11.76 -11.77 -11.78 -11.8 -11.83 -11.86 -11.89 -11.92 -11.95 -11.97 -11.97 -11.97 -11.98 -12.0 -12.04 -12.08 -12.16 -12.2 -12.22 -12.23 -12.22 -12.19 -12.11 -12.04 -11.97 -11.89 -11.82 -11.78 -11.79 -11.8 -11.82 -11.84 -11.87 -11.9 -11.93
-10.23 -10.24 -10.27 -10.29 -10.32 -10.35 -10.39 -10.41 -10.46 -10.51 -10.56 -10.62 -10.68 -10.76 -10.91 -10.97 -11.0 -11.03 -11.05 -11.08 -11.15 -11.2 -11.25 -11.3 -11.34 -11.38 -11.42 -11.43 -11.45 -11.46 -11.47 -11.49 -11.55 -11.59 -11.63 -11.68 -11.71 -11.73 -11.74 -11.75 -11.76 -11.76 -11.76 -11.79 -11.82 -11.86 -11.9 -11.93 -11.96 -11.97 -11.98 -12.0 -12.02 -12.06 -12.1 -12.18 -12.22 -12.24 -12.24 -12.21 -12.17 -12.04 -11.96 -11.89 -11.81 -11.77 -11.75 -11.78 -11.8 -11.82 -11.83 -11.85 -11.87 -11.89
-10.26 -10.26 -10.28 -10.3 -10.32 -10.35 -10.38 -10.4 -10.45 -10.5 -10.54 -10.6 -10.67 -10.75 -10.91 -10.95 -10.98 -11.0 -11.03 -11.05 -11.13 -11.18 -11.24 -11.29 -11.34 -11.38 -11.42 -11.44 -11.45 -11.47 -11.49 -11.51 -11.57 -11.6 -11.64 -11.68 -11.71 -11.73 -11.73 -11.74 -11.75 -11.74 -11.74 -11.76 -11.79 -11.83 -11.88 -11.92 -11.94 -11.97 -11.97 -11.99 -12.02 -12.05 -12.09 -12.17 -12.21 -12.22 -12.22 -12.18 -12.12 -11.96 -11.89 -11.81 -11.75 -11.72 -11.72 -11.78 -11.8 -11.82 -11.83 -11.84 -11.85 -11.86
-10.3 -10.29 -10.3 -10.31 -10.32 -10.34 -10.37 -10.4 -10.45 -10.49 -10.54 -10.59 -10.66 -10.75 -10.9 -10.94 -10.96 -10.98 -11.0 -11.03 -11.1 -11.16 -11.22 -11.28 -11.33 -11.38 -11.43 -11.45 -11.47 -11.48 -11.5 -11.52 -11.57 -11.6 -11.63 -11.67 -11.7 -11.72 -11.73 -11.74 -11.74 -11.73 -11.72 -11.74 -11.76 -11.8 -11.85 -11.89 -11.92 -11.94 -11.95 -11.96 -11.99 -12.02 -12.05 -12.12 -12.15 -12.17 -12.15 -12.11 -12.05 -11.89 -11.82 -11.76 -11.71 -11.69 -11.7 -11.78 -11.8 -11.82 -11.83 -11.84 -11.84 -11.85
-10.33 -10.31 -10.31 -10.31 -10.32 -10.34 -10.37 -10.4 -10.46 -10.49 -10.53 -10.58 -10.65 -10.73 -10.88 -10.92 -10.94 -10.96 -10.97 -11.0 -11.08 -11.13 -11.2 -11.26 -11.33 -11.37 -11.44 -11.46 -11.47 -11.49 -11.5 -11.51 -11.55 -11.57 -11.61 -11.64 -11.67 -11.7 -11.72 -11.72 -11.72 -11.71 -11.7 -11.72 -11.75 -11.78 -11.83 -11.87 -11.89 -11.91 -11.91 -11.93 -11.95 -11.97 -11.99 -12.04 -12.07 -12.08 -12.05 -12.01 -11.95 -11.83 -11.77 -11.72 -11.68 -11.67 -11.69 -11.78 -11.8 -11.82 -11.84 -11.85 -11.85 -11.84
-10.35 -10.33 -10.31 -10.31 -10.32 -10.34 -10.37 -10.4 -10.45 -10.48 -10.53 -10.58 -10.65 -10.72 -10.86 -10.89 -10.92 -10.93 -10.94 -10.97 -11.06 -11.12 -11.18 -11.24 -11.3 -11.36 -11.43 -11.45 -11.47 -11.48 -11.48 -11.49 -11.51 -11.54 -11.57 -11.6 -11.63 -11.67 -11.69 -11.7 -11.7 -11.69 -11.68 -11.7 -11.73 -11.77 -11.81 -11.84 -11.86 -11.88 -11.88 -11.89 -11.9 -11.91 -11.92 -11.96 -11.98 -11.98 -11.95 -11.91 -11.87 -11.76 -11.71 -11.68 -11.66 -11.67 -11.69 -11.78 -11.81 -11.83 -11.85 -11.86 -11.86 -11.85
-10.36 -10.33 -10.3 -10.3 -10.32 -10.34 -10.36 -10.39 -10.44 -10.47 -10.52 -10.57 -10.64 -10.69 -10.78 -10.82 -10.84 -10.86 -10.89 -10.92 -11.02 -11.09 -11.15 -11.21 -11.26 -11.31 -11.39 -11.42 -11.43 -11.42 -11.4 -11.39 -11.41 -11.43 -11.46 -11.49 -11.53 -11.6 -11.62 -11.64 -11.64 -11.63 -11.62 -11.66 -11.7 -11.74 -11.78 -11.81 -11.82 -11.84 -11.84 -11.84 -11.84 -11.83 -11.82 -11.82 -11.82 -11.82 -11.8 -11.76 -11.71 -11.63 -11.62 -11.62 -11.63 -11.66 -11.7 -11.78 -11.81 -11.84 -11.86 -11.88 -11.89 -11.88
-10.36 -10.32 -10.29 -10.29 -10.31 -10.33 -10.36 -10.38 -10.43 -10.47 -10.51 -10.56 -10.62 -10.68 -10.74 -10.78 -10.81 -10.83 -10.86 -10.9 -11.01 -11.08 -11.14 -11.19 -11.25 -11.29 -11.37 -11.4 -11.4 -11.38 -11.35 -11.34 -11.36 -11.38 -11.41 -11.45 -11.48 -11.56 -11.59 -11.6 -11.61 -11.6 -11.6 -11.64 -11.68 -11.73 -11.77 -11.8 -11.81 -11.82 -11.83 -11.83 -11.82 -11.81 -11.79 -11.77 -11.77 -11.77 -11.74 -11.7 -11.65 -11.58 -11.57 -11.58 -11.61 -11.64 -11.69 -11.77 -11.8 -11.83 -11.86 -11.89 -11.9 -11.9
-10.36 -10.31 -10.27 -10.29 -10.31 -10.34 -10.37 -10.39 -10.44 -10.47 -10.52 -10.57 -10.62 -10.67 -10.72 -10.75 -10.78 -10.81 -10.84 -10.89 -11.0 -11.06 -11.12 -11.17 -11.22 -11.27 -11.34 -11.37 -11.37 -11.35 -11.32 -11.31 -11.32 -11.34 -11.37 -11.4 -11.43 -11.5 -11.53 -11.55 -11.57 -11.57 -11.57 -11.63 -11.68 -11.73 -11.77 -11.8 -11.81 -11.82 -11.82 -11.82 -11.8 -11.78 -11.76 -11.73 -11.73 -11.72 -11.7 -11.66 -11.61 -11.53 -11.53 -11.54 -11.57 -11.61 -11.67 -11.76 -11.79 -11.82 -11.86 -11.89 -11.91 -11.93
-10.37 -10.32 -10.27 -10.28 -10.31 -10.35 -10.38 -10.41 -10.46 -10.49 -10.53 -10.58 -10.63 -10.67 -10.69 -10.73 -10.76 -10.79 -10.83 -10.87 -10.99 -11.05 -11.1 -11.15 -11.2 -11.25 -11.32 -11.34 -11.34 -11.32 -11.3 -11.28 -11.28 -11.3 -11.33 -11.35 -11.37 -11.43 -11.46 -11.49 -11.51 -11.53 -11.54 -11.62 -11.67 -11.72 -11.76 -11.79 -11.81 -11.81 -11.81 -11.8 -11.77 -11.74 -11.71 -11.69 -11.68 -11.68 -11.66 -11.63 -11.57 -11.49 -11.47 -11.48 -11.52 -11.58 -11.65 -11.75 -11.78 -11.82 -11.86 -11.9 -11.93 -11.95
-10.38 -10.32 -10.27 -10.29 -10.33 -10.37 -10.41 -10.44 -10.49 -10.52 -10.55 -10.59 -10.63 -10.65 -10.66 -10.7 -10.74 -10.78 -10.82 -10.86 -10.97 -11.02 -11.07 -11.12 -11.17 -11.22 -11.29 -11.31 -11.31 -11.3 -11.28 -11.26 -11.25 -11.26 -11.27 -11.29 -11.31 -11.36 -11.39 -11.42 -11.45 -11.48 -11.51 -11.59 -11.64 -11.7 -11.75 -11.78 -11.79 -11.8 -11.79 -11.77 -11.74 -11.7 -11.66 -11.63 -11.62 -11.62 -11.61 -11.59 -11.53 -11.43 -11.41 -11.42 -11.47 -11.56 -11.64 -11.74 -11.79 -11.83 -11.87 -11.91 -11.94 -11.97
-10.38 -10.33 -10.29 -10.31 -10.35 -10.41 -10.45 -10.48 -10.52 -10.54 -10.57 -10.6 -10.63 -10.63 -10.62 -10.66 -10.71 -10.76 -10.81 -10.85 -10.95 -10.99 -11.04 -11.09 -11.14 -11.2 -11.27 -11.29 -11.29 -11.28 -11.26 -11.24 -11.21 -11.21 -11.22 -11.23 -11.24 -11.29 -11.32 -11.35 -11.39 -11.43 -11.46 -11.55 -11.61 -11.67 -11.72 -11.76 -11.77 -11.78 -11.76 -11.73 -11.7 -11.65 -11.61 -11.56 -11.56 -11.56 -11.56 -11.54 -11.48 -11.36 -11.34 -11.36 -11.42 -11.52 -11.62 -11.74 -11.79 -11.84 -11.89 -11.92 -11.96 -11.99
-10.38 -10.34 -10.31 -10.35 -10.42 -10.49 -10.54 -10.57 -10.58 -10.59 -10.6 -10.61 -10.6 -10.57 -10.53 -10.58 -10.65 -10.72 -10.78 -10.82 -10.9 -10.94 -10.98 -11.03 -11.1 -11.16 -11.23 -11.25 -11.25 -11.25 -11.23 -11.21 -11.16 -11.14 -11.13 -11.13 -11.14 -11.17 -11.2 -11.24 -11.27 -11.31 -11.35 -11.46 -11.52 -11.58 -11.63 -11.67 -11.69 -11.7 -11.68 -11.65 -11.61 -11.57 -11.52 -11.47 -11.47 -11.47 -11.47 -11.45 -11.39 -11.27 -11.24 -11.24 -11.28 -11.37 -11.48 -11.68 -11.77 -11.85 -11.9 -11.93 -11.96 -11.96
