Assets/Terrain/localsurface.asc
ncols 7198
nrows 15648
xllcorner 165100.000000000000
yllcorner 5628500.000000000000
cellsize 50.000000000000
NODATA_value -9999
[rows 0 to 32 of 50, columns 592 to 665 of 7198]
-10.97 -11.04 -11.05 -10.99 -10.87 -10.77 -10.68 -10.59 -10.73 -10.8 -10.89 -10.95 -11 -11.04 -11.07 -11.09 -11.11 -11.13 -11.14 -11.16 -11.18 -11.19 -11.2 -11.19 -11.18 -11.17 -11.15 -11.13 -11.11 -11.11 -11.11 -11.1 -11.09 -11.08 -11.08 -11.09 -11.11 -11.14 -11.14 -11.13 -11.1 -11.09 -11.09 -11.08 -11.07 -11.07 -11.07 -11.08 -11.12 -11.17 -11.25 -11.35 -11.47 -11.61 -11.74 -11.86 -11.95 -12 -12.01 -11.99 -11.95 -11.9 -11.86 -11.83 -11.81 -11.79 -11.77 -11.76 -11.74 -11.73 -11.73 -11.71 -11.67 -11.59
-11.44 -11.42 -11.37 -11.32 -11.27 -11.22 -11.17 -11.15 -11.14 -11.14 -10.71 -10.74 -10.8 -10.88 -10.95 -11.01 -11.06 -11.1 -11.15 -11.18 -11.21 -11.22 -11.23 -11.24 -11.26 -11.28 -11.3 -11.32 -11.34 -11.36 -11.38 -11.4 -11.4 -11.4 -11.4 -11.39 -11.37 -11.34 -11.3 -11.24 -11.19 -11.13 -11.08 -11.07 -11.07 -11.08 -11.1 -11.13 -11.17 -11.2 -11.25 -11.29 -11.31 -11.31 -11.29 -11.28 -11.28 -11.32 -11.38 -11.41 -11.42 -11.41 -11.37 -11.33 -11.31 -11.35 -11.41 -11.46 -11.49 -11.49 -11.48 -11.45 -11.41 -11.33
-12.39 -12.3 -12.18 -12.01 -11.82 -11.64 -11.49 -11.37 -11.28 -11.23 -11.21 -11.22 -11.15 -11.15 -11.15 -11.15 -11.14 -11.13 -11.11 -11.1 -11.09 -11.09 -11.1 -11.11 -11.13 -11.14 -11.16 -11.19 -11.24 -11.3 -11.36 -11.41 -11.46 -11.51 -11.55 -11.57 -11.57 -11.55 -11.46 -11.28 -11.09 -10.95 -10.88 -10.88 -10.93 -11.02 -11.11 -11.17 -11.22 -11.24 -11.26 -11.25 -11.23 -11.2 -11.16 -11.11 -11.07 -11.02 -10.98 -10.93 -10.9 -10.89 -10.89 -10.89 -10.88 -10.86 -10.82 -10.79 -10.76 -10.73 -10.7 -10.7 -10.7 -10.72
-11.04 -11.13 -11.23 -11.33 -11.43 -11.51 -11.56 -11.58 -11.58 -11.58 -11.57 -11.56 -11.55 -11.55 -11.36 -11.37 -11.38 -11.38 -11.38 -11.37 -11.37 -11.38 -11.4 -11.42 -11.44 -11.46 -11.48 -11.5 -11.51 -11.54 -11.56 -11.59 -11.6 -11.6 -11.58 -11.57 -11.55 -11.52 -11.48 -11.43 -11.35 -11.23 -11.08 -10.91 -10.76 -10.64 -10.57 -10.54 -10.53 -10.52 -10.52 -10.52 -10.52 -10.52 -10.52 -10.51 -10.51 -10.5 -10.49 -10.48 -10.45 -10.43 -10.41 -10.41 -10.41 -10.42 -10.44 -10.45 -10.47 -10.47 -10.47 -10.45 -10.43 -10.41
-8.16 -8.43 -8.73 -9.05 -9.37 -9.7 -10.05 -10.37 -10.61 -10.76 -10.88 -10.98 -11.06 -11.14 -11.19 -11.2 -11.39 -11.35 -11.32 -11.3 -11.29 -11.3 -11.32 -11.36 -11.4 -11.44 -11.47 -11.5 -11.51 -11.52 -11.52 -11.52 -11.51 -11.51 -11.49 -11.46 -11.42 -11.36 -11.29 -11.21 -11.11 -11.01 -10.91 -10.82 -10.74 -10.68 -10.63 -10.59 -10.56 -10.54 -10.51 -10.48 -10.45 -10.42 -10.39 -10.37 -10.35 -10.34 -10.33 -10.31 -10.29 -10.26 -10.24 -10.24 -10.23 -10.23 -10.22 -10.2 -10.17 -10.14 -10.12 -10.09 -10.08 -10.07
-6.46 -6.26 -6.08 -5.93 -5.83 -5.78 -5.77 -5.81 -5.89 -6.02 -6.2 -6.42 -6.66 -6.94 -7.31 -7.76 -8.16 -8.45 -11.41 -11.38 -11.35 -11.3 -11.26 -11.22 -11.19 -11.19 -11.19 -11.2 -11.21 -11.2 -11.19 -11.18 -11.16 -11.13 -11.09 -11.06 -11.03 -11.01 -10.99 -10.97 -10.95 -10.91 -10.87 -10.82 -10.75 -10.66 -10.57 -10.5 -10.44 -10.39 -10.36 -10.34 -10.32 -10.32 -10.31 -10.3 -10.29 -10.28 -10.28 -10.27 -10.25 -10.23 -10.19 -10.16 -10.12 -10.09 -10.06 -10.02 -9.97 -9.92 -9.86 -9.8 -9.73 -9.66
-7.33 -7.19 -7.03 -6.84 -6.65 -6.51 -6.4 -6.3 -6.18 -6.02 -5.85 -5.66 -5.51 -5.39 -5.31 -5.24 -5.19 -5.15 -5.13 -5.13 -11.37 -11.34 -11.31 -11.27 -11.23 -11.18 -11.15 -11.12 -11.12 -11.13 -11.14 -11.14 -11.12 -11.11 -11.08 -11.06 -11.02 -10.98 -10.94 -10.89 -10.84 -10.79 -10.75 -10.7 -10.66 -10.61 -10.56 -10.52 -10.47 -10.43 -10.39 -10.35 -10.31 -10.27 -10.25 -10.23 -10.21 -10.2 -10.18 -10.16 -10.14 -10.13 -10.12 -10.1 -10.07 -10.04 -9.99 -9.94 -9.87 -9.77 -9.66 -9.53 -9.38 -9.25
-9.56 -9.44 -9.26 -9.04 -8.8 -8.51 -8.16 -7.77 -7.41 -7.11 -6.88 -6.7 -6.55 -6.4 -6.23 -6.01 -5.79 -5.61 -5.45 -5.33 -5.23 -5.14 -10.82 -10.83 -10.83 -10.81 -10.78 -10.74 -10.71 -10.68 -10.68 -10.7 -10.73 -10.73 -10.72 -10.71 -10.68 -10.65 -10.6 -10.55 -10.51 -10.5 -10.5 -10.5 -10.49 -10.47 -10.44 -10.41 -10.39 -10.38 -10.37 -10.36 -10.36 -10.37 -10.38 -10.38 -10.37 -10.35 -10.32 -10.28 -10.23 -10.21 -10.2 -10.2 -10.18 -10.13 -10.06 -9.99 -9.9 -9.8 -9.68 -9.55 -9.43 -9.31
-10.82 -10.69 -10.6 -10.47 -10.31 -10.1 -9.83 -9.53 -9.28 -9.09 -8.96 -8.87 -8.76 -8.59 -8.4 -8.17 -7.93 -7.67 -7.41 -7.16 -6.88 -6.56 -6.25 -6.03 -10.5 -10.52 -10.54 -10.54 -10.53 -10.5 -10.45 -10.4 -10.36 -10.31 -10.27 -10.25 -10.23 -10.21 -10.18 -10.16 -10.14 -10.12 -10.1 -10.07 -10.04 -9.99 -9.94 -9.89 -9.84 -9.8 -9.77 -9.74 -9.72 -9.69 -9.67 -9.65 -9.64 -9.65 -9.69 -9.73 -9.78 -9.81 -9.85 -9.9 -9.93 -9.95 -9.96 -9.96 -9.94 -9.9 -9.85 -9.8 -9.75 -9.68
-11.65 -11.63 -11.62 -11.61 -11.59 -11.57 -11.54 -11.5 -11.47 -11.44 -11.42 -11.39 -11.34 -11.21 -11.04 -10.85 -10.66 -10.46 -10.23 -9.97 -9.72 -9.51 -9.35 -9.23 -9.12 -8.99 -9.95 -9.9 -9.87 -9.85 -9.84 -9.84 -9.85 -9.86 -9.88 -9.9 -9.91 -9.92 -9.92 -9.91 -9.89 -9.85 -9.81 -9.76 -9.71 -9.66 -9.61 -9.58 -9.56 -9.54 -9.51 -9.49 -9.48 -9.46 -9.44 -9.42 -9.4 -9.37 -9.35 -9.35 -9.36 -9.38 -9.4 -9.44 -9.48 -9.54 -9.6 -9.65 -9.68 -9.69 -9.69 -9.7 -9.7 -9.69
-12.49 -12.44 -12.41 -12.38 -12.35 -12.31 -12.24 -12.13 -12 -11.85 -11.71 -11.63 -11.63 -11.69 -11.75 -11.74 -11.69 -11.63 -11.58 -11.56 -11.54 -11.46 -11.32 -11.11 -10.93 -10.86 -10.86 -10.89 -9.57 -9.53 -9.5 -9.46 -9.43 -9.4 -9.39 -9.38 -9.37 -9.36 -9.36 -9.35 -9.35 -9.34 -9.33 -9.32 -9.3 -9.28 -9.27 -9.25 -9.23 -9.22 -9.22 -9.21 -9.21 -9.21 -9.23 -9.26 -9.29 -9.33 -9.36 -9.38 -9.4 -9.42 -9.43 -9.44 -9.44 -9.44 -9.44 -9.44 -9.44 -9.45 -9.46 -9.47 -9.49 -9.51
-12.98 -12.94 -12.89 -12.84 -12.79 -12.74 -12.7 -12.66 -12.61 -12.56 -12.5 -12.45 -12.41 -12.39 -12.38 -12.37 -12.34 -12.3 -12.26 -12.26 -12.25 -12.22 -12.17 -12.13 -12.11 -12.1 -12.12 -12.15 -12.19 -12.22 -9.58 -9.53 -9.46 -9.4 -9.34 -9.28 -9.22 -9.19 -9.17 -9.15 -9.13 -9.12 -9.11 -9.09 -9.08 -9.06 -9.03 -9 -8.97 -8.95 -8.93 -8.93 -8.93 -8.94 -8.95 -8.96 -8.97 -8.99 -9.01 -9.02 -9.04 -9.08 -9.11 -9.15 -9.19 -9.2 -9.22 -9.24 -9.26 -9.27 -9.29 -9.32 -9.34 -9.35
-13.91 -13.7 -13.5 -13.34 -13.21 -13.13 -13.07 -13.03 -12.99 -12.95 -12.91 -12.87 -12.8 -12.71 -12.6 -12.51 -12.42 -12.34 -12.3 -12.27 -12.26 -12.26 -12.25 -12.22 -12.21 -12.2 -12.22 -12.25 -12.28 -12.3 -12.34 -12.37 -9.46 -9.47 -9.47 -9.46 -9.45 -9.44 -9.41 -9.38 -9.34 -9.3 -9.26 -9.24 -9.22 -9.2 -9.18 -9.16 -9.13 -9.11 -9.08 -9.07 -9.06 -9.06 -9.05 -9.05 -9.04 -9.02 -9.01 -9 -9.01 -9 -9 -9 -9 -9.01 -9.01 -9.02 -9.02 -9.03 -9.06 -9.1 -9.14 -9.18
-15.02 -14.9 -14.7 -14.43 -14.17 -13.98 -13.84 -13.73 -13.65 -13.59 -13.54 -13.48 -13.41 -13.35 -13.29 -13.26 -13.23 -13.17 -13.11 -13.04 -12.97 -12.92 -12.89 -12.86 -12.84 -12.83 -12.81 -12.79 -12.76 -12.75 -12.74 -12.75 -12.77 -12.79 -8.99 -9 -9.02 -9.04 -9.07 -9.1 -9.12 -9.14 -9.14 -9.13 -9.12 -9.1 -9.07 -9.06 -9.05 -9.05 -9.05 -9.07 -9.08 -9.09 -9.1 -9.11 -9.11 -9.11 -9.11 -9.11 -9.12 -9.13 -9.14 -9.16 -9.18 -9.2 -9.21 -9.22 -9.23 -9.24 -9.25 -9.26 -9.28 -9.31
-13.97 -14.12 -14.29 -14.43 -14.54 -14.6 -14.59 -14.51 -14.39 -14.28 -14.17 -14.09 -14.02 -13.95 -13.87 -13.77 -13.67 -13.58 -13.51 -13.47 -13.46 -13.49 -13.55 -13.62 -13.66 -13.67 -13.63 -13.57 -13.51 -13.43 -13.34 -13.22 -13.09 -12.96 -12.85 -12.77 -8.97 -8.96 -8.95 -8.94 -8.92 -8.92 -8.9 -8.88 -8.87 -8.86 -8.86 -8.86 -8.86 -8.87 -8.89 -8.89 -8.9 -8.89 -8.86 -8.82 -8.78 -8.75 -8.73 -8.73 -8.74 -8.75 -8.77 -8.8 -8.83 -8.88 -8.94 -9.01 -9.08 -9.15 -9.21 -9.26 -9.28 -9.3
-14.48 -14.28 -14.11 -13.98 -13.91 -13.88 -13.89 -13.94 -14.01 -14.09 -14.16 -14.2 -14.22 -14.21 -14.2 -14.19 -14.17 -14.13 -14.08 -14.03 -13.96 -13.89 -13.83 -13.79 -13.76 -13.73 -13.69 -13.65 -13.61 -13.57 -13.55 -13.52 -13.49 -13.47 -13.45 -13.43 -13.4 -13.38 -8.61 -8.61 -8.62 -8.63 -8.64 -8.64 -8.65 -8.65 -8.65 -8.66 -8.68 -8.68 -8.69 -8.7 -8.71 -8.7 -8.7 -8.69 -8.69 -8.7 -8.73 -8.76 -8.8 -8.83 -8.84 -8.85 -8.84 -8.84 -8.85 -8.87 -8.9 -8.93 -8.96 -8.99 -9.03 -9.06
-29.82 -29.91 -28.23 -23.15 -17.59 -15.16 -14.72 -14.55 -14.39 -14.29 -14.23 -14.2 -14.18 -14.18 -14.2 -14.22 -14.25 -14.28 -14.31 -14.34 -14.37 -14.38 -14.36 -14.28 -14.17 -14.05 -13.94 -13.83 -13.73 -13.63 -13.55 -13.48 -13.4 -13.33 -13.29 -13.3 -13.33 -13.35 -13.37 -13.36 -8.5 -8.49 -8.5 -8.51 -8.52 -8.53 -8.53 -8.53 -8.53 -8.54 -8.54 -8.54 -8.53 -8.53 -8.53 -8.52 -8.51 -8.5 -8.49 -8.48 -8.48 -8.48 -8.48 -8.5 -8.52 -8.54 -8.57 -8.59 -8.6 -8.62 -8.63 -8.64 -8.64 -8.65
-12.78 -12.93 -13.09 -13.26 -13.42 -15.32 -18.81 -22.72 -25.55 -27.75 -29.28 -29.43 -29.57 -29.74 -29.92 -30.1 -30.25 -30.35 -30.46 -30.59 -28.91 -25.54 -20.64 -16.95 -15.05 -14.77 -14.53 -14.34 -14.19 -14.06 -13.95 -13.86 -13.79 -13.71 -13.64 -13.59 -13.56 -13.55 -13.56 -13.57 -13.58 -13.59 -8.31 -8.31 -8.31 -8.3 -8.29 -8.29 -8.29 -8.28 -8.28 -8.27 -8.25 -8.23 -8.21 -8.2 -8.19 -8.19 -8.19 -8.2 -8.21 -8.22 -8.25 -8.28 -8.31 -8.31 -8.31 -8.31 -8.33 -8.34 -8.34 -8.34 -8.34 -8.34
-12.58 -12.57 -12.55 -12.54 -12.54 -12.55 -12.59 -12.64 -12.7 -12.8 -12.92 -13.05 -13.18 -13.3 -13.41 -13.53 -13.63 -13.71 -13.76 -13.8 -13.84 -13.89 -13.94 -15.4 -17.52 -20.3 -24.17 -27.61 -29.43 -29.45 -29.44 -29.38 -27.55 -24.12 -19.26 -15.71 -13.99 -13.9 -13.8 -13.7 -13.6 -13.55 -13.53 -13.51 -8.12 -8.13 -8.14 -8.15 -8.15 -8.16 -8.18 -8.2 -8.23 -8.25 -8.28 -8.3 -8.31 -8.32 -8.34 -8.37 -8.38 -8.38 -8.36 -8.34 -8.31 -8.3 -8.28 -8.28 -8.29 -8.3 -8.32 -8.35 -8.37 -8.4
-12.45 -12.51 -12.57 -12.6 -12.61 -12.62 -12.62 -12.62 -12.62 -12.63 -12.66 -12.7 -12.75 -12.82 -12.88 -12.94 -13 -13.05 -13.11 -13.17 -13.23 -13.27 -13.3 -13.32 -13.33 -13.33 -13.32 -13.31 -13.3 -13.29 -13.28 -13.29 -13.32 -13.36 -13.42 -13.5 -14.34 -17.77 -23.15 -27.3 -29.12 -28.75 -25.6 -20 -15.34 -13.53 -7.92 -7.95 -7.98 -8 -8.03 -8.07 -8.11 -8.16 -8.2 -8.24 -8.25 -8.26 -8.26 -8.25 -8.26 -8.26 -8.27 -8.28 -8.29 -8.3 -8.31 -8.32 -8.34 -8.37 -8.4 -8.42 -8.42 -8.42
-12.08 -12.12 -12.18 -12.28 -12.38 -12.46 -12.53 -12.59 -12.64 -12.67 -12.7 -12.73 -12.75 -12.76 -12.78 -12.81 -12.84 -12.87 -12.91 -12.94 -12.96 -12.97 -12.98 -12.98 -12.99 -12.99 -12.98 -12.98 -12.97 -12.98 -12.99 -12.99 -12.99 -12.96 -12.92 -12.88 -12.84 -12.81 -12.79 -12.88 -13.52 -15.68 -17.63 -16.11 -13.13 -12.03 -11.84 -11.7 -7.73 -7.79 -7.85 -7.9 -7.96 -8.01 -8.05 -8.09 -8.12 -8.14 -8.15 -8.16 -8.16 -8.15 -8.14 -8.13 -8.12 -8.11 -8.1 -8.09 -8.08 -8.07 -8.06 -8.06 -8.06 -8.07
-12.12 -12.14 -12.18 -12.22 -12.28 -12.37 -12.47 -12.56 -12.64 -12.7 -12.74 -12.77 -12.78 -12.79 -12.79 -12.79 -12.79 -12.8 -12.82 -12.86 -12.9 -12.95 -13 -13.04 -13.06 -13.06 -13.06 -13.05 -13.03 -13 -12.99 -12.99 -13 -13.01 -13.01 -13 -12.96 -12.89 -12.77 -12.62 -12.49 -12.41 -12.35 -12.3 -12.22 -12.1 -11.94 -11.77 -11.6 -11.46 -7.55 -7.57 -7.6 -7.63 -7.66 -7.71 -7.75 -7.79 -7.81 -7.84 -7.86 -7.87 -7.88 -7.9 -7.91 -7.93 -7.95 -7.97 -7.99 -8 -8 -8 -8.01 -8.01
-11.7 -11.78 -11.82 -11.89 -11.97 -12.06 -12.17 -12.3 -12.42 -12.5 -12.55 -12.58 -12.6 -12.6 -12.61 -12.62 -12.62 -12.63 -12.65 -12.67 -12.71 -12.76 -12.8 -12.85 -12.88 -12.91 -12.92 -12.92 -12.9 -12.89 -12.86 -12.83 -12.79 -12.71 -12.59 -12.44 -12.27 -12.07 -11.84 -11.62 -11.45 -11.37 -11.34 -11.3 -11.26 -11.22 -11.21 -11.2 -11.21 -11.22 -11.22 -11.23 -7.61 -7.63 -7.64 -7.63 -7.62 -7.59 -8.42 -9.29 -8.44 -7.61 -7.63 -7.65 -7.67 -7.68 -7.71 -7.73 -7.76 -7.78 -7.8 -7.83 -7.86 -7.89
-9.53 -9.99 -10.49 -10.93 -11.24 -11.41 -11.54 -11.67 -11.81 -11.95 -13.67 -18.07 -22.55 -24.22 -24.8 -24.9 -24.96 -23.8 -21.84 -20.66 -20.67 -20.69 -20.28 -18.33 -15.09 -13.13 -12.69 -12.67 -12.65 -12.62 -12.59 -12.54 -12.48 -12.39 -12.28 -12.15 -12.03 -11.92 -11.81 -11.71 -11.62 -11.53 -11.44 -11.34 -11.29 -11.34 -11.47 -11.64 -11.82 -11.98 -12.09 -12.14 -12.15 -12.14 -16.05 -19.81 -21.22 -21.06 -20.9 -20.76 -20.64 -20.56 -20.52 -20.54 -20.56 -20.55 -19.37 -17.62 -14.46 -10.37 -8.08 -7.78 -7.79 -7.8
-8.95 -9.21 -9.46 -9.71 -10 -10.32 -10.64 -10.94 -11.17 -11.3 -12.57 -13.52 -13 -12.06 -12.2 -12.29 -12.35 -12.38 -12.4 -12.46 -12.52 -12.58 -12.63 -12.67 -12.69 -12.68 -12.68 -12.68 -12.68 -12.68 -12.67 -12.67 -12.66 -12.65 -12.63 -12.6 -12.56 -12.51 -12.45 -12.42 -12.4 -12.4 -12.4 -12.41 -12.42 -12.43 -12.46 -12.48 -12.5 -12.49 -12.47 -12.46 -12.47 -12.48 -12.49 -12.51 -20.99 -21.31 -21.52 -21.62 -21.64 -21.62 -21.55 -21.47 -21.38 -20.95 -18.54 -13.42 -9.26 -8.03 -8.01 -8 -7.99 -7.99
-9.15 -9.29 -9.46 -9.62 -9.79 -9.96 -10.14 -10.33 -10.52 -10.7 -10.89 -11.07 -11.25 -11.44 -11.63 -11.78 -11.88 -11.93 -11.97 -12.02 -12.09 -12.16 -12.23 -12.29 -12.35 -12.4 -12.46 -12.52 -12.58 -12.64 -12.67 -12.69 -12.7 -12.7 -12.7 -12.69 -12.69 -12.7 -12.73 -12.76 -12.8 -12.82 -12.85 -12.86 -12.87 -12.86 -12.84 -12.8 -12.74 -12.66 -12.57 -12.48 -12.39 -12.3 -12.21 -12.15 -12.12 -12.11 -7.69 -7.91 -8.11 -8.57 -11.93 -18.05 -21.33 -21.6 -21.49 -21.36 -21.23 -20.8 -17.52 -11.54 -8.32 -8
-10.57 -10.56 -10.56 -10.56 -10.56 -10.57 -10.6 -10.65 -10.73 -10.82 -10.91 -10.98 -11.05 -11.11 -11.19 -11.28 -11.37 -11.46 -11.55 -11.62 -11.69 -11.73 -11.78 -11.83 -11.89 -11.96 -12.03 -12.09 -12.14 -12.18 -12.2 -12.2 -12.22 -12.28 -12.36 -12.44 -12.51 -12.55 -12.58 -12.62 -12.66 -12.7 -12.73 -12.76 -12.81 -12.88 -12.95 -13.01 -13.06 -13.08 -13.07 -13.03 -12.96 -12.87 -12.77 -12.67 -12.57 -12.47 -12.4 -12.36 -7.95 -8.04 -8.12 -9.73 -13.62 -18.41 -21.05 -21.28 -21.15 -20.67 -18.2 -13.09 -8.97 -7.76
-11.37 -11.42 -11.45 -11.46 -11.46 -11.45 -11.44 -11.43 -11.39 -11.33 -11.25 -11.14 -11.06 -11.03 -11.04 -11.06 -11.08 -11.11 -11.15 -11.21 -11.28 -11.36 -11.45 -11.53 -11.61 -11.67 -11.72 -11.76 -11.81 -11.85 -11.9 -11.95 -12 -12.05 -12.1 -12.14 -12.17 -12.2 -12.22 -12.25 -12.29 -12.33 -12.38 -12.44 -12.52 -12.59 -12.66 -12.71 -12.77 -12.83 -12.88 -12.91 -12.94 -13 -13.05 -13.09 -13.11 -13.12 -13.13 -13.13 -13.13 -13.13 -9.86 -13.48 -15.77 -16.29 -16.58 -17.81 -19.6 -21.09 -21.3 -21.41 -21.45 -21.45
-11.13 -11.15 -11.18 -11.21 -11.22 -11.22 -11.22 -11.23 -11.24 -11.26 -11.28 -11.27 -11.26 -11.25 -11.25 -11.27 -11.29 -11.29 -11.28 -11.27 -11.27 -11.29 -11.33 -11.37 -11.4 -11.41 -11.36 -11.28 -11.19 -11.16 -11.16 -11.19 -11.25 -11.33 -11.42 -11.48 -11.52 -11.53 -11.54 -11.55 -11.58 -11.62 -11.67 -11.75 -11.84 -11.91 -11.97 -11.99 -12.02 -12.05 -12.08 -12.09 -12.08 -12.05 -12 -11.95 -11.92 -11.93 -11.98 -12.08 -12.2 -12.3 -12.38 -12.44 -15.16 -17.38 -19.05 -19.02 -17.31 -17.71 -19.24 -20.23 -19.5 -18.18
-11.9 -11.9 -11.91 -11.92 -11.91 -11.89 -11.86 -11.83 -11.8 -11.79 -11.77 -11.71 -11.63 -11.54 -11.45 -11.37 -11.32 -11.3 -11.29 -11.27 -11.24 -11.2 -11.17 -11.13 -11.1 -11.08 -11.06 -11.05 -11.03 -11.01 -10.97 -10.94 -10.93 -10.98 -11.05 -11.13 -11.21 -11.27 -11.31 -11.34 -11.36 -11.39 -11.42 -11.45 -11.48 -11.5 -11.52 -11.54 -11.57 -11.6 -11.65 -11.72 -11.77 -11.78 -11.77 -11.76 -11.74 -11.75 -11.77 -11.8 -11.82 -11.81 -11.8 -11.83 -11.87 -11.92 -8.44 -8.44 -8.42 -8.39 -8.34 -8.28 -8.2 -8.12
-12.09 -12.07 -12.05 -12.04 -12.02 -11.99 -11.96 -11.92 -11.87 -11.82 -11.78 -11.73 -11.7 -11.69 -11.68 -11.67 -11.65 -11.63 -11.6 -11.58 -11.57 -11.55 -11.55 -11.54 -11.53 -11.51 -11.48 -11.45 -11.41 -11.37 -11.33 -11.3 -11.26 -11.21 -11.18 -11.17 -11.18 -11.21 -11.25 -11.3 -11.34 -11.37 -11.39 -11.4 -11.44 -11.51 -11.58 -11.62 -11.65 -11.67 -11.69 -11.71 -11.72 -11.73 -11.74 -11.76 -11.8 -11.86 -11.92 -11.97 -12 -12 -11.99 -11.97 -11.98 -12.02 -12.07 -12.12 -8.2 -8.24 -8.27 -8.3 -8.33 -8.35
-12.04 -12.04 -12.05 -12.06 -12.07 -12.08 -12.08 -12.06 -12.03 -11.99 -11.95 -11.91 -11.87 -11.83 -11.8 -11.77 -11.73 -11.68 -11.63 -11.62 -11.63 -11.66 -11.7 -11.74 -11.78 -11.82 -11.85 -11.87 -11.87 -11.88 -11.88 -11.88 -11.88 -11.86 -11.85 -11.82 -11.79 -11.77 -11.75 -11.73 -11.7 -11.68 -11.66 -11.65 -11.65 -11.67 -11.7 -11.73 -11.77 -11.81 -11.85 -11.88 -11.91 -11.94 -11.97 -11.99 -12.01 -12.03 -12.06 -12.09 -12.12 -12.13 -12.13 -12.13 -12.13 -12.14 -12.17 -12.23 -12.28 -12.34 -8.01 -8.1 -8.16 -8.23
-11.62 -11.6 -11.58 -11.57 -11.56 -11.57 -11.59 -11.62 -11.65 -11.69 -11.73 -11.77 -11.8 -11.84 -11.86 -11.88 -11.88 -11.87 -11.85 -11.81 -11.79 -11.77 -11.75 -11.74 -11.73 -11.72 -11.7 -11.67 -11.65 -11.64 -11.65 -11.7 -11.76 -11.83 -11.9 -11.96 -12.02 -12.07 -12.11 -12.14 -12.16 -12.16 -12.16 -12.15 -12.14 -12.13 -12.13 -12.12 -12.12 -12.12 -12.13 -12.15 -12.18 -12.22 -12.26 -12.29 -12.32 -12.34 -12.37 -12.42 -12.46 -12.51 -12.56 -12.59 -12.6 -12.59 -12.57 -12.54 -12.52 -12.5 -12.49 -12.49 -7.79 -7.85
