Assets/Terrain/localsurface512.asc
ncols 512
nrows 512
xllcorner 165100.000000000000
yllcorner 5628500.000000000000
cellsize 50.0
NODATA_value -9999
[rows 416 to 447 of 512, columns 74 to 147 of 512]
-9.86 -9.86 -9.84 -9.79 -9.79 -9.81 -9.85 -9.9 -9.96 -10.07 -10.11 -10.14 -10.14 -10.12 -10.08 -10.04 -10.06 -10.13 -10.24 -10.33 -10.36 -10.26 -10.21 -10.22 -10.29 -10.37 -10.44 -10.48 -10.47 -10.46 -10.46 -10.48 -10.53 -10.55 -10.57 -10.58 -10.58 -10.57 -10.49 -10.43 -10.39 -10.35 -10.29 -10.22 -10.07 -10.06 -10.06 -10.05 -10.02 -9.96 -9.82 -9.77 -9.76 -9.75 -9.73 -9.71 -9.65 -9.57 -9.46 -9.37 -9.28 -9.18 -8.86 -8.63 -8.41 -8.27 -8.23 -8.25 -8.38 -8.41 -8.41 -8.39 -8.38 -8.44
-9.83 -9.84 -9.84 -9.81 -9.81 -9.82 -9.85 -9.9 -9.95 -10.04 -10.08 -10.11 -10.12 -10.1 -10.08 -10.05 -10.08 -10.15 -10.25 -10.33 -10.35 -10.27 -10.25 -10.28 -10.34 -10.42 -10.47 -10.49 -10.46 -10.45 -10.46 -10.48 -10.53 -10.56 -10.57 -10.58 -10.58 -10.57 -10.49 -10.44 -10.39 -10.35 -10.29 -10.22 -10.08 -10.08 -10.09 -10.08 -10.05 -9.99 -9.86 -9.82 -9.81 -9.81 -9.79 -9.77 -9.69 -9.61 -9.52 -9.44 -9.35 -9.25 -8.91 -8.67 -8.44 -8.29 -8.26 -8.29 -8.41 -8.43 -8.41 -8.36 -8.34 -8.39
-9.77 -9.79 -9.81 -9.83 -9.84 -9.85 -9.87 -9.89 -9.93 -9.99 -10.02 -10.04 -10.05 -10.04 -10.03 -10.05 -10.09 -10.16 -10.25 -10.33 -10.35 -10.32 -10.33 -10.39 -10.45 -10.51 -10.54 -10.54 -10.5 -10.47 -10.47 -10.49 -10.53 -10.54 -10.55 -10.55 -10.55 -10.54 -10.48 -10.43 -10.38 -10.33 -10.28 -10.22 -10.11 -10.12 -10.14 -10.12 -10.08 -10.04 -9.93 -9.9 -9.91 -9.91 -9.87 -9.82 -9.7 -9.63 -9.56 -9.49 -9.41 -9.29 -8.89 -8.67 -8.49 -8.37 -8.35 -8.4 -8.51 -8.51 -8.47 -8.41 -8.36 -8.37
-9.74 -9.77 -9.8 -9.84 -9.85 -9.86 -9.87 -9.9 -9.93 -9.98 -10.0 -10.01 -10.01 -10.01 -10.01 -10.04 -10.08 -10.15 -10.25 -10.32 -10.35 -10.34 -10.36 -10.42 -10.49 -10.55 -10.59 -10.58 -10.53 -10.49 -10.49 -10.5 -10.53 -10.54 -10.54 -10.54 -10.54 -10.53 -10.46 -10.41 -10.36 -10.31 -10.26 -10.22 -10.15 -10.15 -10.15 -10.13 -10.09 -10.04 -9.95 -9.93 -9.94 -9.94 -9.9 -9.84 -9.71 -9.64 -9.58 -9.51 -9.43 -9.3 -8.86 -8.63 -8.47 -8.38 -8.38 -8.44 -8.56 -8.56 -8.51 -8.45 -8.39 -8.38
-9.71 -9.75 -9.78 -9.84 -9.86 -9.87 -9.89 -9.91 -9.93 -9.97 -9.98 -9.98 -9.98 -9.98 -9.99 -10.05 -10.09 -10.15 -10.24 -10.31 -10.34 -10.34 -10.37 -10.44 -10.52 -10.59 -10.64 -10.62 -10.57 -10.52 -10.51 -10.51 -10.52 -10.53 -10.53 -10.53 -10.53 -10.53 -10.46 -10.4 -10.34 -10.29 -10.26 -10.23 -10.19 -10.19 -10.18 -10.15 -10.1 -10.06 -9.99 -9.97 -9.97 -9.96 -9.91 -9.84 -9.7 -9.63 -9.57 -9.51 -9.42 -9.29 -8.83 -8.59 -8.46 -8.41 -8.43 -8.5 -8.61 -8.6 -8.55 -8.48 -8.42 -8.38
-9.66 -9.71 -9.75 -9.84 -9.86 -9.88 -9.9 -9.92 -9.94 -9.96 -9.96 -9.96 -9.96 -9.97 -9.99 -10.06 -10.1 -10.15 -10.23 -10.29 -10.32 -10.34 -10.38 -10.45 -10.54 -10.62 -10.67 -10.66 -10.6 -10.55 -10.53 -10.52 -10.52 -10.52 -10.52 -10.52 -10.52 -10.52 -10.45 -10.39 -10.32 -10.28 -10.25 -10.24 -10.23 -10.22 -10.2 -10.16 -10.12 -10.08 -10.01 -10.0 -9.99 -9.96 -9.89 -9.81 -9.66 -9.61 -9.55 -9.49 -9.4 -9.28 -8.82 -8.58 -8.47 -8.46 -8.51 -8.58 -8.66 -8.64 -8.59 -8.52 -8.44 -8.38
-9.62 -9.66 -9.71 -9.82 -9.86 -9.89 -9.92 -9.94 -9.95 -9.95 -9.95 -9.95 -9.96 -9.98 -10.01 -10.08 -10.12 -10.16 -10.23 -10.28 -10.3 -10.34 -10.39 -10.47 -10.57 -10.65 -10.71 -10.69 -10.64 -10.59 -10.55 -10.53 -10.51 -10.51 -10.51 -10.51 -10.51 -10.51 -10.45 -10.38 -10.31 -10.26 -10.23 -10.23 -10.24 -10.23 -10.2 -10.16 -10.12 -10.08 -10.02 -9.99 -9.97 -9.92 -9.84 -9.75 -9.6 -9.56 -9.51 -9.45 -9.36 -9.23 -8.81 -8.6 -8.52 -8.54 -8.6 -8.66 -8.73 -8.7 -8.65 -8.57 -8.49 -8.41
-9.57 -9.62 -9.67 -9.79 -9.85 -9.89 -9.93 -9.95 -9.96 -9.94 -9.93 -9.94 -9.97 -9.99 -10.03 -10.1 -10.13 -10.17 -10.22 -10.26 -10.28 -10.33 -10.4 -10.49 -10.59 -10.68 -10.74 -10.73 -10.68 -10.62 -10.57 -10.53 -10.5 -10.5 -10.5 -10.5 -10.5 -10.5 -10.43 -10.36 -10.29 -10.24 -10.21 -10.21 -10.24 -10.22 -10.18 -10.15 -10.1 -10.06 -9.99 -9.96 -9.92 -9.86 -9.77 -9.67 -9.53 -9.48 -9.44 -9.38 -9.29 -9.17 -8.82 -8.66 -8.6 -8.62 -8.68 -8.74 -8.79 -8.77 -8.72 -8.65 -8.56 -8.46
-9.46 -9.53 -9.58 -9.7 -9.78 -9.85 -9.91 -9.94 -9.95 -9.93 -9.92 -9.94 -9.97 -10.0 -10.02 -10.07 -10.09 -10.12 -10.16 -10.19 -10.22 -10.31 -10.38 -10.48 -10.58 -10.68 -10.76 -10.79 -10.75 -10.67 -10.59 -10.52 -10.48 -10.48 -10.49 -10.49 -10.48 -10.48 -10.4 -10.32 -10.25 -10.2 -10.17 -10.18 -10.22 -10.2 -10.16 -10.11 -10.07 -10.02 -9.92 -9.86 -9.8 -9.72 -9.6 -9.49 -9.36 -9.31 -9.25 -9.19 -9.12 -9.06 -8.91 -8.85 -8.82 -8.82 -8.85 -8.89 -8.93 -8.91 -8.88 -8.83 -8.74 -8.62
-9.4 -9.47 -9.53 -9.64 -9.72 -9.8 -9.86 -9.9 -9.92 -9.92 -9.92 -9.94 -9.96 -9.98 -9.99 -10.03 -10.05 -10.08 -10.11 -10.14 -10.18 -10.28 -10.35 -10.44 -10.53 -10.63 -10.71 -10.76 -10.73 -10.66 -10.58 -10.51 -10.47 -10.48 -10.49 -10.49 -10.48 -10.47 -10.39 -10.32 -10.26 -10.21 -10.19 -10.2 -10.23 -10.2 -10.15 -10.1 -10.05 -10.0 -9.87 -9.81 -9.74 -9.65 -9.54 -9.44 -9.32 -9.26 -9.2 -9.13 -9.07 -9.04 -8.99 -8.97 -8.95 -8.94 -8.95 -8.99 -9.03 -9.0 -8.96 -8.92 -8.85 -8.71
-9.35 -9.42 -9.48 -9.58 -9.65 -9.73 -9.8 -9.85 -9.88 -9.9 -9.91 -9.93 -9.95 -9.95 -9.96 -9.98 -10.0 -10.02 -10.05 -10.08 -10.13 -10.24 -10.31 -10.38 -10.47 -10.55 -10.63 -10.7 -10.67 -10.62 -10.55 -10.5 -10.47 -10.48 -10.49 -10.49 -10.48 -10.47 -10.4 -10.34 -10.29 -10.26 -10.24 -10.24 -10.25 -10.21 -10.15 -10.1 -10.04 -9.98 -9.83 -9.76 -9.69 -9.61 -9.51 -9.42 -9.31 -9.24 -9.17 -9.12 -9.07 -9.05 -9.07 -9.08 -9.07 -9.06 -9.08 -9.12 -9.14 -9.1 -9.06 -9.02 -8.94 -8.8
-9.3 -9.37 -9.42 -9.51 -9.58 -9.67 -9.74 -9.8 -9.84 -9.89 -9.9 -9.92 -9.92 -9.92 -9.91 -9.93 -9.94 -9.95 -9.98 -10.03 -10.08 -10.2 -10.26 -10.32 -10.39 -10.46 -10.53 -10.62 -10.61 -10.57 -10.52 -10.49 -10.48 -10.48 -10.49 -10.49 -10.48 -10.47 -10.4 -10.36 -10.33 -10.31 -10.3 -10.3 -10.28 -10.22 -10.15 -10.09 -10.03 -9.96 -9.8 -9.72 -9.64 -9.56 -9.49 -9.42 -9.31 -9.25 -9.18 -9.13 -9.1 -9.09 -9.15 -9.18 -9.18 -9.2 -9.24 -9.27 -9.26 -9.22 -9.17 -9.12 -9.03 -8.88
-9.25 -9.33 -9.37 -9.44 -9.52 -9.61 -9.68 -9.74 -9.79 -9.87 -9.89 -9.9 -9.89 -9.87 -9.85 -9.86 -9.86 -9.88 -9.92 -9.98 -10.05 -10.17 -10.22 -10.27 -10.32 -10.38 -10.44 -10.54 -10.54 -10.52 -10.49 -10.47 -10.47 -10.48 -10.48 -10.48 -10.48 -10.46 -10.4 -10.37 -10.36 -10.36 -10.35 -10.35 -10.29 -10.23 -10.16 -10.09 -10.02 -9.94 -9.78 -9.69 -9.61 -9.54 -9.48 -9.44 -9.34 -9.27 -9.21 -9.16 -9.14 -9.14 -9.22 -9.26 -9.3 -9.33 -9.38 -9.41 -9.38 -9.34 -9.28 -9.21 -9.1 -8.97
-9.21 -9.27 -9.31 -9.38 -9.45 -9.55 -9.63 -9.69 -9.75 -9.85 -9.87 -9.88 -9.85 -9.81 -9.78 -9.77 -9.78 -9.81 -9.87 -9.94 -10.02 -10.14 -10.19 -10.23 -10.28 -10.32 -10.38 -10.47 -10.48 -10.47 -10.46 -10.46 -10.46 -10.47 -10.47 -10.47 -10.47 -10.46 -10.41 -10.39 -10.38 -10.38 -10.38 -10.37 -10.29 -10.22 -10.15 -10.09 -10.01 -9.94 -9.78 -9.7 -9.62 -9.55 -9.51 -9.48 -9.39 -9.32 -9.25 -9.21 -9.19 -9.19 -9.27 -9.33 -9.39 -9.44 -9.49 -9.52 -9.48 -9.43 -9.36 -9.28 -9.18 -9.06
-9.14 -9.16 -9.19 -9.29 -9.35 -9.42 -9.5 -9.58 -9.66 -9.79 -9.82 -9.81 -9.76 -9.68 -9.6 -9.57 -9.62 -9.7 -9.81 -9.91 -10.0 -10.12 -10.15 -10.18 -10.21 -10.24 -10.28 -10.34 -10.36 -10.39 -10.41 -10.42 -10.42 -10.42 -10.43 -10.44 -10.45 -10.45 -10.43 -10.41 -10.4 -10.39 -10.38 -10.36 -10.28 -10.2 -10.13 -10.07 -10.02 -9.97 -9.85 -9.78 -9.73 -9.68 -9.65 -9.62 -9.52 -9.45 -9.39 -9.33 -9.29 -9.28 -9.34 -9.4 -9.47 -9.53 -9.58 -9.6 -9.56 -9.51 -9.44 -9.37 -9.3 -9.23
-9.11 -9.13 -9.16 -9.26 -9.31 -9.37 -9.44 -9.52 -9.61 -9.75 -9.78 -9.77 -9.72 -9.6 -9.51 -9.49 -9.55 -9.65 -9.78 -9.9 -9.99 -10.1 -10.13 -10.16 -10.19 -10.21 -10.24 -10.28 -10.32 -10.35 -10.38 -10.39 -10.39 -10.4 -10.41 -10.42 -10.43 -10.44 -10.43 -10.41 -10.39 -10.37 -10.36 -10.34 -10.26 -10.18 -10.11 -10.07 -10.03 -9.99 -9.9 -9.85 -9.8 -9.77 -9.74 -9.7 -9.57 -9.51 -9.45 -9.39 -9.34 -9.32 -9.36 -9.41 -9.47 -9.52 -9.57 -9.59 -9.55 -9.5 -9.44 -9.39 -9.34 -9.29
-9.09 -9.11 -9.15 -9.25 -9.28 -9.32 -9.38 -9.46 -9.55 -9.68 -9.72 -9.71 -9.64 -9.53 -9.42 -9.42 -9.49 -9.6 -9.75 -9.89 -9.98 -10.07 -10.1 -10.13 -10.16 -10.19 -10.21 -10.25 -10.29 -10.32 -10.34 -10.35 -10.35 -10.36 -10.37 -10.38 -10.4 -10.42 -10.42 -10.4 -10.37 -10.35 -10.33 -10.31 -10.23 -10.17 -10.11 -10.06 -10.04 -10.01 -9.95 -9.91 -9.88 -9.85 -9.82 -9.76 -9.6 -9.54 -9.49 -9.43 -9.39 -9.37 -9.39 -9.43 -9.47 -9.51 -9.55 -9.57 -9.54 -9.5 -9.46 -9.42 -9.39 -9.36
-9.08 -9.12 -9.17 -9.26 -9.27 -9.28 -9.33 -9.4 -9.48 -9.62 -9.64 -9.62 -9.55 -9.44 -9.36 -9.38 -9.45 -9.56 -9.72 -9.86 -9.95 -10.03 -10.06 -10.1 -10.14 -10.17 -10.19 -10.24 -10.27 -10.29 -10.3 -10.29 -10.3 -10.31 -10.33 -10.34 -10.36 -10.39 -10.39 -10.37 -10.34 -10.32 -10.29 -10.27 -10.2 -10.14 -10.09 -10.06 -10.05 -10.03 -9.99 -9.97 -9.94 -9.91 -9.86 -9.8 -9.62 -9.55 -9.5 -9.47 -9.44 -9.43 -9.43 -9.45 -9.47 -9.5 -9.53 -9.55 -9.53 -9.51 -9.48 -9.46 -9.45 -9.45
-9.08 -9.13 -9.19 -9.27 -9.26 -9.24 -9.28 -9.35 -9.42 -9.55 -9.56 -9.53 -9.45 -9.37 -9.3 -9.35 -9.43 -9.54 -9.69 -9.82 -9.9 -10.0 -10.03 -10.07 -10.12 -10.15 -10.18 -10.23 -10.25 -10.26 -10.25 -10.24 -10.24 -10.27 -10.29 -10.31 -10.33 -10.36 -10.36 -10.34 -10.31 -10.28 -10.25 -10.23 -10.16 -10.12 -10.08 -10.06 -10.05 -10.05 -10.03 -10.01 -9.98 -9.94 -9.88 -9.8 -9.63 -9.57 -9.53 -9.51 -9.5 -9.5 -9.49 -9.48 -9.48 -9.49 -9.52 -9.55 -9.55 -9.53 -9.51 -9.52 -9.54 -9.56
-9.09 -9.15 -9.21 -9.29 -9.25 -9.22 -9.25 -9.31 -9.38 -9.49 -9.49 -9.44 -9.37 -9.3 -9.26 -9.31 -9.4 -9.52 -9.67 -9.79 -9.86 -9.96 -10.0 -10.05 -10.09 -10.13 -10.17 -10.21 -10.23 -10.23 -10.2 -10.18 -10.19 -10.22 -10.26 -10.29 -10.31 -10.33 -10.33 -10.31 -10.27 -10.24 -10.21 -10.19 -10.13 -10.1 -10.07 -10.06 -10.06 -10.07 -10.07 -10.04 -10.0 -9.95 -9.88 -9.8 -9.64 -9.59 -9.57 -9.56 -9.56 -9.57 -9.55 -9.52 -9.49 -9.48 -9.52 -9.56 -9.57 -9.57 -9.57 -9.6 -9.64 -9.68
-9.18 -9.25 -9.31 -9.33 -9.28 -9.25 -9.27 -9.33 -9.38 -9.44 -9.42 -9.37 -9.31 -9.23 -9.18 -9.21 -9.3 -9.43 -9.57 -9.69 -9.77 -9.87 -9.92 -9.97 -10.02 -10.06 -10.09 -10.12 -10.13 -10.13 -10.1 -10.06 -10.08 -10.13 -10.19 -10.23 -10.26 -10.28 -10.28 -10.26 -10.23 -10.2 -10.17 -10.15 -10.12 -10.11 -10.09 -10.09 -10.1 -10.12 -10.12 -10.08 -10.03 -9.97 -9.91 -9.86 -9.75 -9.72 -9.71 -9.71 -9.7 -9.69 -9.62 -9.57 -9.51 -9.49 -9.53 -9.6 -9.65 -9.67 -9.71 -9.77 -9.84 -9.88
-9.23 -9.3 -9.36 -9.36 -9.31 -9.28 -9.3 -9.35 -9.39 -9.42 -9.4 -9.36 -9.31 -9.23 -9.16 -9.19 -9.29 -9.41 -9.55 -9.66 -9.74 -9.83 -9.88 -9.93 -9.98 -10.01 -10.03 -10.06 -10.07 -10.06 -10.04 -10.02 -10.04 -10.09 -10.15 -10.2 -10.23 -10.25 -10.26 -10.25 -10.23 -10.2 -10.17 -10.15 -10.13 -10.12 -10.11 -10.11 -10.11 -10.13 -10.13 -10.09 -10.04 -9.99 -9.95 -9.92 -9.87 -9.85 -9.83 -9.81 -9.79 -9.76 -9.66 -9.59 -9.53 -9.51 -9.56 -9.62 -9.71 -9.75 -9.79 -9.85 -9.91 -9.95
-9.28 -9.35 -9.4 -9.39 -9.33 -9.3 -9.32 -9.36 -9.4 -9.41 -9.39 -9.36 -9.31 -9.22 -9.16 -9.21 -9.3 -9.42 -9.54 -9.64 -9.72 -9.81 -9.86 -9.91 -9.95 -9.97 -9.98 -10.0 -10.01 -10.01 -9.99 -9.98 -10.01 -10.06 -10.11 -10.16 -10.2 -10.23 -10.25 -10.24 -10.23 -10.2 -10.18 -10.16 -10.14 -10.13 -10.13 -10.12 -10.13 -10.14 -10.13 -10.09 -10.05 -10.01 -9.99 -9.99 -10.0 -10.0 -9.97 -9.93 -9.88 -9.83 -9.71 -9.64 -9.56 -9.54 -9.58 -9.66 -9.77 -9.83 -9.88 -9.93 -9.97 -10.0
-9.35 -9.41 -9.45 -9.4 -9.34 -9.31 -9.34 -9.38 -9.41 -9.41 -9.39 -9.36 -9.3 -9.22 -9.17 -9.24 -9.32 -9.41 -9.52 -9.61 -9.68 -9.79 -9.84 -9.89 -9.92 -9.94 -9.94 -9.96 -9.97 -9.97 -9.96 -9.95 -9.98 -10.03 -10.08 -10.13 -10.17 -10.2 -10.23 -10.24 -10.23 -10.21 -10.19 -10.17 -10.16 -10.16 -10.16 -10.16 -10.15 -10.17 -10.14 -10.1 -10.06 -10.04 -10.04 -10.07 -10.13 -10.13 -10.11 -10.04 -9.97 -9.9 -9.75 -9.67 -9.6 -9.56 -9.62 -9.69 -9.82 -9.89 -9.94 -9.99 -10.02 -10.04
-9.42 -9.47 -9.48 -9.42 -9.36 -9.34 -9.37 -9.41 -9.43 -9.41 -9.39 -9.35 -9.3 -9.22 -9.17 -9.24 -9.31 -9.39 -9.48 -9.56 -9.63 -9.76 -9.81 -9.86 -9.9 -9.91 -9.92 -9.93 -9.94 -9.94 -9.94 -9.93 -9.96 -10.01 -10.06 -10.1 -10.14 -10.17 -10.22 -10.23 -10.23 -10.21 -10.19 -10.18 -10.17 -10.18 -10.19 -10.19 -10.19 -10.2 -10.16 -10.11 -10.07 -10.06 -10.08 -10.13 -10.23 -10.25 -10.23 -10.15 -10.06 -9.97 -9.79 -9.7 -9.61 -9.59 -9.64 -9.73 -9.87 -9.94 -10.0 -10.04 -10.07 -10.09
-9.49 -9.52 -9.52 -9.46 -9.42 -9.4 -9.42 -9.45 -9.46 -9.41 -9.38 -9.34 -9.28 -9.19 -9.14 -9.22 -9.28 -9.35 -9.43 -9.51 -9.59 -9.71 -9.76 -9.81 -9.86 -9.88 -9.88 -9.89 -9.9 -9.91 -9.9 -9.9 -9.93 -9.98 -10.03 -10.06 -10.1 -10.13 -10.21 -10.23 -10.23 -10.22 -10.2 -10.18 -10.19 -10.2 -10.21 -10.21 -10.21 -10.21 -10.15 -10.1 -10.07 -10.06 -10.1 -10.17 -10.3 -10.32 -10.3 -10.23 -10.14 -10.05 -9.83 -9.72 -9.64 -9.61 -9.68 -9.78 -9.92 -9.99 -10.05 -10.1 -10.14 -10.14
-9.62 -9.61 -9.6 -9.58 -9.57 -9.57 -9.57 -9.56 -9.53 -9.42 -9.36 -9.29 -9.2 -9.08 -9.01 -9.08 -9.15 -9.22 -9.31 -9.42 -9.51 -9.62 -9.65 -9.7 -9.74 -9.77 -9.79 -9.81 -9.82 -9.83 -9.84 -9.85 -9.88 -9.92 -9.96 -9.99 -10.02 -10.06 -10.16 -10.2 -10.22 -10.22 -10.2 -10.18 -10.16 -10.16 -10.16 -10.15 -10.14 -10.12 -10.05 -10.02 -10.01 -10.04 -10.11 -10.19 -10.3 -10.32 -10.3 -10.25 -10.16 -10.08 -9.9 -9.8 -9.73 -9.7 -9.73 -9.8 -9.95 -10.02 -10.09 -10.15 -10.19 -10.18
-9.68 -9.66 -9.65 -9.64 -9.65 -9.65 -9.64 -9.62 -9.57 -9.42 -9.34 -9.26 -9.15 -9.01 -8.92 -8.98 -9.05 -9.15 -9.26 -9.37 -9.47 -9.57 -9.61 -9.64 -9.68 -9.71 -9.74 -9.78 -9.79 -9.81 -9.82 -9.83 -9.87 -9.9 -9.93 -9.96 -9.99 -10.03 -10.13 -10.18 -10.21 -10.21 -10.19 -10.16 -10.11 -10.1 -10.08 -10.08 -10.06 -10.03 -9.96 -9.95 -9.97 -10.02 -10.1 -10.18 -10.26 -10.27 -10.25 -10.18 -10.1 -10.03 -9.92 -9.86 -9.8 -9.76 -9.74 -9.77 -9.9 -9.98 -10.05 -10.12 -10.15 -10.16
-9.72 -9.7 -9.69 -9.7 -9.71 -9.73 -9.71 -9.67 -9.59 -9.41 -9.32 -9.23 -9.11 -8.96 -8.86 -8.89 -8.97 -9.09 -9.22 -9.34 -9.44 -9.55 -9.58 -9.61 -9.64 -9.67 -9.71 -9.76 -9.78 -9.79 -9.81 -9.83 -9.86 -9.88 -9.9 -9.92 -9.95 -9.99 -10.1 -10.16 -10.18 -10.18 -10.16 -10.13 -10.06 -10.03 -10.0 -9.99 -9.98 -9.94 -9.87 -9.88 -9.93 -10.0 -10.08 -10.15 -10.22 -10.22 -10.19 -10.11 -10.03 -9.97 -9.93 -9.92 -9.88 -9.82 -9.75 -9.72 -9.83 -9.92 -10.01 -10.07 -10.11 -10.13
-9.74 -9.74 -9.74 -9.74 -9.77 -9.8 -9.78 -9.72 -9.62 -9.39 -9.29 -9.21 -9.09 -8.94 -8.82 -8.83 -8.92 -9.04 -9.18 -9.31 -9.42 -9.54 -9.57 -9.6 -9.63 -9.67 -9.7 -9.76 -9.78 -9.79 -9.81 -9.82 -9.84 -9.86 -9.87 -9.89 -9.92 -9.96 -10.07 -10.12 -10.14 -10.15 -10.13 -10.09 -10.01 -9.97 -9.94 -9.92 -9.9 -9.85 -9.79 -9.82 -9.89 -9.97 -10.04 -10.11 -10.17 -10.16 -10.12 -10.03 -9.96 -9.93 -9.95 -9.96 -9.93 -9.86 -9.76 -9.69 -9.79 -9.88 -9.97 -10.03 -10.07 -10.1
-9.77 -9.78 -9.78 -9.78 -9.83 -9.87 -9.84 -9.76 -9.64 -9.37 -9.27 -9.19 -9.08 -8.93 -8.81 -8.81 -8.88 -9.0 -9.14 -9.28 -9.4 -9.54 -9.57 -9.61 -9.64 -9.68 -9.72 -9.78 -9.8 -9.81 -9.81 -9.82 -9.83 -9.84 -9.85 -9.86 -9.89 -9.92 -10.03 -10.07 -10.09 -10.09 -10.08 -10.04 -9.95 -9.91 -9.88 -9.87 -9.85 -9.8 -9.75 -9.78 -9.84 -9.91 -9.97 -10.03 -10.09 -10.08 -10.03 -9.97 -9.92 -9.9 -9.95 -9.97 -9.94 -9.87 -9.76 -9.69 -9.79 -9.88 -9.96 -10.02 -10.06 -10.1
-9.77 -9.81 -9.81 -9.81 -9.88 -9.93 -9.89 -9.79 -9.66 -9.37 -9.26 -9.18 -9.07 -8.93 -8.81 -8.79 -8.87 -8.97 -9.11 -9.25 -9.39 -9.55 -9.59 -9.63 -9.67 -9.71 -9.75 -9.81 -9.82 -9.83 -9.83 -9.82 -9.82 -9.83 -9.84 -9.85 -9.87 -9.9 -9.99 -10.02 -10.03 -10.03 -10.01 -9.98 -9.89 -9.86 -9.84 -9.83 -9.81 -9.77 -9.73 -9.75 -9.79 -9.84 -9.88 -9.93 -9.99 -9.98 -9.95 -9.92 -9.89 -9.89 -9.95 -9.96 -9.92 -9.84 -9.75 -9.7 -9.81 -9.9 -9.98 -10.03 -10.07 -10.12
