Assets/Terrain/localsurface512.asc
ncols 512
nrows 512
xllcorner 165100.000000000000
yllcorner 5628500.000000000000
cellsize 50.0
NODATA_value -9999
[rows 96 to 127 of 512, columns 370 to 443 of 512]
-10.88 -10.85 -10.83 -10.8 -10.77 -10.74 -10.7 -10.56 -10.49 -10.46 -10.44 -10.44 -10.44 -10.49 -10.53 -10.59 -10.65 -10.72 -10.8 -10.92 -10.95 -10.95 -10.96 -10.99 -11.02 -11.1 -11.15 -11.2 -11.24 -11.28 -11.31 -11.39 -11.42 -11.45 -11.47 -11.46 -11.44 -11.38 -11.37 -11.39 -11.41 -11.45 -11.52 -11.56 -11.58 -11.59 -11.61 -11.64 -11.74 -11.82 -11.92 -12.01 -12.08 -12.13 -12.2 -12.2 -12.2 -12.21 -12.22 -12.24 -12.29 -12.31 -12.36 -12.41 -12.48 -12.55 -12.66 -12.7 -12.74 -12.78 -12.83 -12.87 -12.93 -12.94
-10.87 -10.84 -10.81 -10.79 -10.76 -10.72 -10.69 -10.57 -10.51 -10.47 -10.44 -10.42 -10.41 -10.45 -10.49 -10.55 -10.62 -10.69 -10.77 -10.89 -10.92 -10.92 -10.93 -10.96 -11.01 -11.09 -11.14 -11.19 -11.23 -11.27 -11.31 -11.38 -11.42 -11.45 -11.48 -11.48 -11.46 -11.4 -11.4 -11.4 -11.42 -11.45 -11.52 -11.54 -11.56 -11.58 -11.6 -11.63 -11.74 -11.82 -11.9 -11.99 -12.06 -12.12 -12.19 -12.21 -12.21 -12.22 -12.23 -12.24 -12.29 -12.32 -12.36 -12.41 -12.47 -12.54 -12.66 -12.71 -12.75 -12.79 -12.83 -12.88 -12.94 -12.95
-10.86 -10.82 -10.8 -10.78 -10.75 -10.72 -10.68 -10.59 -10.53 -10.48 -10.44 -10.41 -10.4 -10.42 -10.47 -10.53 -10.6 -10.67 -10.74 -10.86 -10.88 -10.89 -10.9 -10.94 -10.99 -11.09 -11.14 -11.18 -11.23 -11.27 -11.3 -11.37 -11.41 -11.45 -11.48 -11.48 -11.47 -11.42 -11.41 -11.42 -11.44 -11.46 -11.52 -11.53 -11.55 -11.57 -11.59 -11.63 -11.74 -11.82 -11.9 -11.98 -12.05 -12.11 -12.19 -12.21 -12.21 -12.22 -12.23 -12.25 -12.29 -12.32 -12.35 -12.4 -12.46 -12.53 -12.65 -12.71 -12.76 -12.8 -12.84 -12.89 -12.94 -12.96
-10.84 -10.8 -10.78 -10.76 -10.73 -10.7 -10.67 -10.6 -10.55 -10.49 -10.44 -10.4 -10.38 -10.4 -10.45 -10.52 -10.58 -10.65 -10.72 -10.82 -10.84 -10.86 -10.88 -10.92 -10.98 -11.08 -11.13 -11.17 -11.22 -11.26 -11.3 -11.37 -11.41 -11.45 -11.48 -11.49 -11.48 -11.44 -11.43 -11.43 -11.45 -11.47 -11.51 -11.52 -11.54 -11.56 -11.59 -11.62 -11.73 -11.81 -11.89 -11.96 -12.03 -12.1 -12.19 -12.21 -12.22 -12.23 -12.23 -12.25 -12.29 -12.31 -12.35 -12.4 -12.46 -12.52 -12.65 -12.72 -12.77 -12.81 -12.85 -12.9 -12.95 -12.96
-10.81 -10.78 -10.76 -10.74 -10.71 -10.68 -10.65 -10.6 -10.56 -10.5 -10.45 -10.4 -10.37 -10.38 -10.43 -10.49 -10.56 -10.62 -10.69 -10.78 -10.8 -10.83 -10.86 -10.91 -10.96 -11.06 -11.11 -11.16 -11.21 -11.25 -11.29 -11.36 -11.4 -11.44 -11.47 -11.49 -11.48 -11.45 -11.45 -11.45 -11.46 -11.47 -11.5 -11.51 -11.52 -11.55 -11.58 -11.62 -11.72 -11.79 -11.87 -11.94 -12.01 -12.07 -12.18 -12.21 -12.22 -12.23 -12.24 -12.25 -12.29 -12.32 -12.35 -12.39 -12.45 -12.51 -12.65 -12.72 -12.78 -12.83 -12.87 -12.91 -12.95 -12.96
-10.74 -10.72 -10.7 -10.68 -10.65 -10.63 -10.61 -10.6 -10.57 -10.52 -10.46 -10.4 -10.36 -10.35 -10.39 -10.44 -10.5 -10.56 -10.62 -10.68 -10.71 -10.74 -10.79 -10.86 -10.92 -11.02 -11.07 -11.12 -11.17 -11.22 -11.26 -11.34 -11.38 -11.43 -11.46 -11.47 -11.47 -11.46 -11.46 -11.46 -11.47 -11.48 -11.49 -11.49 -11.5 -11.53 -11.57 -11.62 -11.72 -11.76 -11.81 -11.88 -11.94 -12.02 -12.15 -12.19 -12.22 -12.24 -12.25 -12.27 -12.31 -12.34 -12.36 -12.39 -12.43 -12.49 -12.64 -12.71 -12.77 -12.82 -12.86 -12.9 -12.95 -12.97
-10.72 -10.69 -10.67 -10.65 -10.62 -10.6 -10.58 -10.59 -10.58 -10.53 -10.47 -10.41 -10.36 -10.34 -10.38 -10.42 -10.47 -10.52 -10.57 -10.63 -10.66 -10.7 -10.75 -10.82 -10.88 -11.0 -11.05 -11.09 -11.15 -11.2 -11.25 -11.33 -11.37 -11.41 -11.45 -11.46 -11.46 -11.46 -11.46 -11.46 -11.47 -11.47 -11.48 -11.48 -11.49 -11.52 -11.56 -11.62 -11.71 -11.75 -11.79 -11.84 -11.91 -11.98 -12.13 -12.18 -12.21 -12.24 -12.26 -12.28 -12.32 -12.35 -12.37 -12.39 -12.43 -12.49 -12.63 -12.71 -12.77 -12.82 -12.85 -12.89 -12.95 -12.97
-10.72 -10.67 -10.64 -10.62 -10.59 -10.57 -10.55 -10.58 -10.58 -10.54 -10.48 -10.42 -10.37 -10.34 -10.36 -10.4 -10.44 -10.48 -10.52 -10.58 -10.62 -10.66 -10.72 -10.78 -10.85 -10.98 -11.03 -11.07 -11.12 -11.18 -11.23 -11.32 -11.36 -11.4 -11.43 -11.45 -11.46 -11.45 -11.46 -11.46 -11.47 -11.47 -11.47 -11.47 -11.49 -11.52 -11.57 -11.62 -11.71 -11.74 -11.77 -11.81 -11.87 -11.94 -12.11 -12.16 -12.21 -12.24 -12.26 -12.28 -12.33 -12.36 -12.37 -12.39 -12.43 -12.48 -12.62 -12.7 -12.77 -12.81 -12.85 -12.88 -12.95 -12.98
-10.71 -10.65 -10.62 -10.58 -10.56 -10.54 -10.53 -10.56 -10.56 -10.54 -10.5 -10.44 -10.39 -10.34 -10.35 -10.37 -10.4 -10.44 -10.48 -10.56 -10.6 -10.65 -10.7 -10.75 -10.82 -10.95 -11.01 -11.06 -11.11 -11.16 -11.22 -11.31 -11.35 -11.39 -11.42 -11.45 -11.46 -11.46 -11.46 -11.46 -11.47 -11.47 -11.47 -11.47 -11.49 -11.53 -11.58 -11.63 -11.7 -11.73 -11.75 -11.78 -11.83 -11.9 -12.08 -12.14 -12.19 -12.23 -12.26 -12.28 -12.34 -12.35 -12.36 -12.38 -12.42 -12.48 -12.61 -12.69 -12.76 -12.81 -12.84 -12.88 -12.95 -12.99
-10.7 -10.64 -10.59 -10.55 -10.52 -10.51 -10.5 -10.53 -10.54 -10.54 -10.51 -10.47 -10.42 -10.36 -10.35 -10.35 -10.37 -10.4 -10.44 -10.54 -10.59 -10.64 -10.69 -10.74 -10.79 -10.93 -10.99 -11.05 -11.11 -11.16 -11.2 -11.29 -11.34 -11.38 -11.41 -11.45 -11.46 -11.46 -11.46 -11.46 -11.47 -11.47 -11.48 -11.48 -11.5 -11.54 -11.59 -11.63 -11.69 -11.71 -11.73 -11.76 -11.8 -11.87 -12.05 -12.12 -12.18 -12.22 -12.25 -12.28 -12.33 -12.34 -12.34 -12.36 -12.4 -12.47 -12.61 -12.69 -12.75 -12.8 -12.84 -12.88 -12.96 -13.0
-10.66 -10.59 -10.54 -10.5 -10.47 -10.46 -10.47 -10.5 -10.51 -10.53 -10.52 -10.5 -10.47 -10.39 -10.35 -10.33 -10.32 -10.32 -10.36 -10.45 -10.51 -10.58 -10.64 -10.69 -10.74 -10.87 -10.95 -11.02 -11.08 -11.14 -11.19 -11.27 -11.32 -11.36 -11.41 -11.45 -11.48 -11.48 -11.48 -11.48 -11.48 -11.49 -11.5 -11.51 -11.54 -11.58 -11.62 -11.65 -11.68 -11.69 -11.7 -11.72 -11.76 -11.83 -11.99 -12.07 -12.13 -12.18 -12.23 -12.27 -12.3 -12.3 -12.3 -12.32 -12.37 -12.44 -12.61 -12.68 -12.74 -12.79 -12.83 -12.88 -12.98 -13.02
-10.62 -10.55 -10.51 -10.47 -10.45 -10.45 -10.45 -10.49 -10.5 -10.52 -10.52 -10.51 -10.48 -10.41 -10.37 -10.34 -10.31 -10.31 -10.32 -10.4 -10.45 -10.52 -10.58 -10.63 -10.68 -10.84 -10.92 -11.0 -11.07 -11.13 -11.18 -11.27 -11.32 -11.36 -11.41 -11.45 -11.48 -11.5 -11.5 -11.5 -11.51 -11.51 -11.52 -11.53 -11.56 -11.6 -11.64 -11.66 -11.69 -11.7 -11.71 -11.72 -11.76 -11.82 -11.97 -12.03 -12.09 -12.15 -12.2 -12.24 -12.29 -12.29 -12.29 -12.32 -12.37 -12.44 -12.6 -12.68 -12.73 -12.78 -12.82 -12.88 -13.0 -13.04
-10.58 -10.5 -10.47 -10.45 -10.43 -10.43 -10.44 -10.48 -10.5 -10.51 -10.51 -10.51 -10.49 -10.43 -10.39 -10.35 -10.32 -10.3 -10.3 -10.35 -10.4 -10.45 -10.5 -10.55 -10.62 -10.79 -10.89 -10.98 -11.06 -11.12 -11.18 -11.28 -11.32 -11.37 -11.41 -11.45 -11.49 -11.53 -11.54 -11.54 -11.54 -11.54 -11.54 -11.56 -11.58 -11.62 -11.66 -11.68 -11.72 -11.73 -11.73 -11.74 -11.77 -11.82 -11.95 -12.0 -12.05 -12.1 -12.15 -12.21 -12.27 -12.27 -12.28 -12.32 -12.38 -12.45 -12.6 -12.67 -12.73 -12.77 -12.82 -12.88 -13.0 -13.05
-10.54 -10.46 -10.44 -10.42 -10.41 -10.42 -10.43 -10.48 -10.49 -10.5 -10.5 -10.51 -10.5 -10.45 -10.41 -10.37 -10.33 -10.3 -10.28 -10.31 -10.35 -10.39 -10.43 -10.5 -10.57 -10.74 -10.85 -10.96 -11.04 -11.11 -11.17 -11.29 -11.33 -11.38 -11.41 -11.45 -11.49 -11.57 -11.58 -11.59 -11.58 -11.58 -11.57 -11.59 -11.61 -11.64 -11.67 -11.71 -11.75 -11.76 -11.76 -11.76 -11.79 -11.83 -11.92 -11.96 -12.01 -12.05 -12.11 -12.17 -12.25 -12.26 -12.28 -12.32 -12.39 -12.46 -12.61 -12.67 -12.72 -12.76 -12.81 -12.88 -13.02 -13.07
-10.51 -10.43 -10.41 -10.4 -10.4 -10.4 -10.42 -10.47 -10.49 -10.49 -10.5 -10.5 -10.5 -10.46 -10.42 -10.38 -10.34 -10.3 -10.27 -10.29 -10.32 -10.35 -10.39 -10.45 -10.52 -10.68 -10.8 -10.92 -11.02 -11.1 -11.16 -11.28 -11.34 -11.38 -11.42 -11.45 -11.49 -11.59 -11.62 -11.62 -11.62 -11.61 -11.61 -11.62 -11.63 -11.66 -11.69 -11.73 -11.78 -11.79 -11.78 -11.79 -11.82 -11.85 -11.9 -11.93 -11.97 -12.01 -12.08 -12.15 -12.23 -12.25 -12.29 -12.33 -12.4 -12.47 -12.61 -12.66 -12.71 -12.75 -12.81 -12.89 -13.03 -13.08
-10.49 -10.41 -10.39 -10.39 -10.39 -10.39 -10.41 -10.46 -10.47 -10.48 -10.48 -10.49 -10.49 -10.46 -10.43 -10.39 -10.35 -10.3 -10.27 -10.28 -10.3 -10.32 -10.36 -10.4 -10.46 -10.62 -10.74 -10.87 -10.98 -11.07 -11.15 -11.28 -11.34 -11.38 -11.42 -11.44 -11.48 -11.6 -11.63 -11.65 -11.65 -11.64 -11.64 -11.65 -11.66 -11.68 -11.71 -11.75 -11.8 -11.81 -11.8 -11.81 -11.83 -11.86 -11.88 -11.9 -11.94 -11.99 -12.06 -12.13 -12.22 -12.25 -12.29 -12.34 -12.41 -12.48 -12.61 -12.67 -12.71 -12.75 -12.81 -12.89 -13.04 -13.09
-10.46 -10.38 -10.37 -10.37 -10.37 -10.37 -10.39 -10.43 -10.45 -10.45 -10.46 -10.46 -10.46 -10.47 -10.45 -10.42 -10.37 -10.33 -10.3 -10.27 -10.27 -10.28 -10.29 -10.3 -10.34 -10.49 -10.61 -10.74 -10.87 -10.99 -11.11 -11.28 -11.34 -11.38 -11.41 -11.43 -11.47 -11.59 -11.65 -11.68 -11.69 -11.7 -11.7 -11.7 -11.7 -11.73 -11.76 -11.79 -11.82 -11.82 -11.82 -11.83 -11.85 -11.87 -11.87 -11.89 -11.93 -11.99 -12.06 -12.13 -12.23 -12.26 -12.31 -12.38 -12.45 -12.52 -12.63 -12.68 -12.72 -12.77 -12.82 -12.9 -13.04 -13.09
-10.45 -10.38 -10.36 -10.36 -10.36 -10.36 -10.37 -10.41 -10.43 -10.44 -10.44 -10.44 -10.45 -10.47 -10.46 -10.44 -10.39 -10.35 -10.31 -10.28 -10.27 -10.26 -10.26 -10.27 -10.29 -10.42 -10.54 -10.67 -10.81 -10.95 -11.08 -11.27 -11.33 -11.38 -11.4 -11.42 -11.46 -11.59 -11.64 -11.68 -11.7 -11.71 -11.72 -11.71 -11.71 -11.74 -11.78 -11.8 -11.82 -11.83 -11.83 -11.84 -11.86 -11.87 -11.88 -11.9 -11.94 -12.0 -12.07 -12.14 -12.26 -12.3 -12.34 -12.4 -12.46 -12.53 -12.64 -12.69 -12.73 -12.78 -12.83 -12.9 -13.03 -13.08
-10.44 -10.37 -10.36 -10.35 -10.35 -10.35 -10.36 -10.39 -10.41 -10.41 -10.42 -10.43 -10.44 -10.47 -10.47 -10.46 -10.42 -10.37 -10.33 -10.28 -10.26 -10.25 -10.24 -10.24 -10.25 -10.34 -10.45 -10.58 -10.75 -10.9 -11.03 -11.24 -11.32 -11.37 -11.4 -11.42 -11.45 -11.57 -11.63 -11.66 -11.69 -11.7 -11.71 -11.7 -11.71 -11.74 -11.77 -11.79 -11.82 -11.83 -11.84 -11.85 -11.87 -11.87 -11.88 -11.91 -11.95 -12.01 -12.08 -12.16 -12.29 -12.34 -12.37 -12.42 -12.47 -12.53 -12.64 -12.69 -12.74 -12.78 -12.83 -12.89 -13.01 -13.05
-10.45 -10.38 -10.36 -10.34 -10.34 -10.34 -10.35 -10.37 -10.38 -10.39 -10.4 -10.42 -10.44 -10.48 -10.48 -10.47 -10.44 -10.4 -10.35 -10.28 -10.26 -10.24 -10.23 -10.21 -10.21 -10.27 -10.36 -10.5 -10.67 -10.84 -10.99 -11.21 -11.3 -11.36 -11.4 -11.43 -11.45 -11.55 -11.6 -11.64 -11.66 -11.68 -11.69 -11.69 -11.7 -11.72 -11.75 -11.77 -11.81 -11.83 -11.85 -11.86 -11.88 -11.88 -11.88 -11.91 -11.96 -12.02 -12.09 -12.17 -12.31 -12.36 -12.4 -12.44 -12.48 -12.53 -12.64 -12.69 -12.73 -12.77 -12.81 -12.87 -12.98 -13.03
-10.46 -10.38 -10.35 -10.33 -10.33 -10.33 -10.34 -10.35 -10.36 -10.37 -10.39 -10.41 -10.44 -10.48 -10.49 -10.48 -10.46 -10.42 -10.37 -10.28 -10.25 -10.23 -10.21 -10.19 -10.17 -10.22 -10.3 -10.43 -10.6 -10.77 -10.94 -11.18 -11.27 -11.35 -11.4 -11.43 -11.46 -11.54 -11.58 -11.62 -11.65 -11.66 -11.68 -11.68 -11.69 -11.7 -11.72 -11.75 -11.8 -11.83 -11.85 -11.87 -11.88 -11.89 -11.89 -11.92 -11.96 -12.02 -12.09 -12.17 -12.31 -12.37 -12.41 -12.45 -12.48 -12.52 -12.62 -12.67 -12.72 -12.75 -12.79 -12.84 -12.96 -13.01
-10.47 -10.38 -10.35 -10.33 -10.32 -10.32 -10.33 -10.34 -10.34 -10.36 -10.38 -10.41 -10.44 -10.49 -10.5 -10.5 -10.48 -10.44 -10.38 -10.28 -10.25 -10.22 -10.19 -10.16 -10.14 -10.18 -10.25 -10.38 -10.55 -10.73 -10.9 -11.15 -11.25 -11.33 -11.4 -11.44 -11.46 -11.53 -11.57 -11.61 -11.64 -11.66 -11.69 -11.68 -11.67 -11.68 -11.7 -11.72 -11.79 -11.83 -11.86 -11.88 -11.89 -11.89 -11.9 -11.92 -11.96 -12.02 -12.08 -12.16 -12.31 -12.36 -12.4 -12.44 -12.48 -12.51 -12.59 -12.65 -12.7 -12.73 -12.76 -12.81 -12.93 -12.99
-10.46 -10.38 -10.35 -10.33 -10.33 -10.33 -10.33 -10.34 -10.34 -10.35 -10.37 -10.41 -10.44 -10.5 -10.51 -10.51 -10.5 -10.47 -10.43 -10.33 -10.29 -10.23 -10.18 -10.14 -10.11 -10.1 -10.16 -10.29 -10.48 -10.66 -10.81 -11.09 -11.21 -11.31 -11.38 -11.42 -11.45 -11.54 -11.58 -11.61 -11.63 -11.65 -11.67 -11.66 -11.64 -11.64 -11.66 -11.69 -11.78 -11.83 -11.87 -11.9 -11.91 -11.91 -11.93 -11.95 -11.98 -12.02 -12.08 -12.14 -12.29 -12.34 -12.38 -12.42 -12.45 -12.49 -12.56 -12.61 -12.65 -12.68 -12.72 -12.77 -12.89 -12.95
-10.46 -10.38 -10.36 -10.34 -10.34 -10.34 -10.34 -10.35 -10.36 -10.37 -10.39 -10.43 -10.47 -10.51 -10.52 -10.52 -10.51 -10.49 -10.46 -10.37 -10.32 -10.25 -10.19 -10.14 -10.1 -10.07 -10.12 -10.23 -10.4 -10.59 -10.74 -11.04 -11.17 -11.27 -11.35 -11.4 -11.44 -11.55 -11.6 -11.63 -11.65 -11.67 -11.67 -11.66 -11.65 -11.64 -11.66 -11.68 -11.78 -11.82 -11.87 -11.9 -11.92 -11.93 -11.95 -11.96 -11.98 -12.03 -12.08 -12.15 -12.28 -12.33 -12.37 -12.41 -12.44 -12.47 -12.55 -12.59 -12.63 -12.66 -12.7 -12.75 -12.87 -12.92
-10.46 -10.39 -10.37 -10.36 -10.36 -10.36 -10.37 -10.37 -10.38 -10.39 -10.42 -10.46 -10.5 -10.53 -10.54 -10.54 -10.53 -10.52 -10.49 -10.4 -10.35 -10.28 -10.2 -10.15 -10.1 -10.06 -10.09 -10.17 -10.32 -10.49 -10.65 -10.97 -11.11 -11.22 -11.3 -11.37 -11.42 -11.57 -11.62 -11.66 -11.69 -11.7 -11.7 -11.69 -11.67 -11.66 -11.66 -11.69 -11.77 -11.82 -11.87 -11.9 -11.93 -11.94 -11.97 -11.98 -12.0 -12.04 -12.09 -12.16 -12.28 -12.32 -12.36 -12.4 -12.43 -12.46 -12.52 -12.56 -12.6 -12.64 -12.68 -12.72 -12.84 -12.9
-10.46 -10.4 -10.39 -10.38 -10.38 -10.38 -10.39 -10.4 -10.41 -10.42 -10.45 -10.49 -10.53 -10.55 -10.56 -10.56 -10.55 -10.54 -10.51 -10.43 -10.37 -10.3 -10.23 -10.17 -10.12 -10.06 -10.07 -10.13 -10.23 -10.38 -10.55 -10.89 -11.03 -11.15 -11.25 -11.33 -11.4 -11.59 -11.66 -11.71 -11.74 -11.75 -11.75 -11.74 -11.72 -11.7 -11.69 -11.7 -11.77 -11.82 -11.87 -11.91 -11.94 -11.96 -11.99 -12.0 -12.01 -12.05 -12.11 -12.17 -12.28 -12.32 -12.35 -12.37 -12.4 -12.43 -12.5 -12.53 -12.57 -12.61 -12.66 -12.7 -12.81 -12.87
-10.46 -10.41 -10.4 -10.4 -10.4 -10.41 -10.41 -10.42 -10.43 -10.45 -10.48 -10.52 -10.55 -10.57 -10.57 -10.57 -10.57 -10.55 -10.53 -10.44 -10.39 -10.33 -10.26 -10.2 -10.14 -10.06 -10.05 -10.08 -10.16 -10.28 -10.44 -10.8 -10.95 -11.07 -11.18 -11.28 -11.38 -11.62 -11.7 -11.76 -11.79 -11.81 -11.81 -11.79 -11.77 -11.75 -11.72 -11.72 -11.76 -11.81 -11.86 -11.91 -11.94 -11.97 -12.02 -12.02 -12.04 -12.07 -12.12 -12.18 -12.28 -12.3 -12.32 -12.34 -12.37 -12.4 -12.47 -12.51 -12.55 -12.59 -12.64 -12.68 -12.79 -12.85
-10.47 -10.43 -10.42 -10.41 -10.42 -10.43 -10.43 -10.44 -10.46 -10.48 -10.51 -10.54 -10.57 -10.59 -10.59 -10.59 -10.59 -10.58 -10.55 -10.45 -10.39 -10.33 -10.28 -10.22 -10.16 -10.05 -10.02 -10.03 -10.09 -10.19 -10.34 -10.69 -10.85 -10.99 -11.11 -11.22 -11.34 -11.63 -11.73 -11.8 -11.83 -11.86 -11.86 -11.84 -11.82 -11.8 -11.76 -11.74 -11.76 -11.8 -11.86 -11.91 -11.95 -11.99 -12.04 -12.04 -12.06 -12.08 -12.13 -12.18 -12.26 -12.28 -12.29 -12.31 -12.33 -12.36 -12.44 -12.48 -12.52 -12.56 -12.61 -12.66 -12.77 -12.83
-10.51 -10.47 -10.46 -10.46 -10.45 -10.45 -10.46 -10.47 -10.49 -10.51 -10.54 -10.57 -10.59 -10.61 -10.62 -10.62 -10.62 -10.62 -10.6 -10.46 -10.39 -10.34 -10.3 -10.24 -10.17 -10.01 -9.95 -9.92 -9.96 -10.04 -10.17 -10.49 -10.65 -10.82 -10.97 -11.11 -11.26 -11.61 -11.74 -11.84 -11.89 -11.92 -11.93 -11.93 -11.91 -11.88 -11.85 -11.82 -11.79 -11.8 -11.83 -11.87 -11.93 -11.98 -12.05 -12.06 -12.07 -12.09 -12.13 -12.16 -12.19 -12.2 -12.2 -12.21 -12.22 -12.25 -12.36 -12.42 -12.47 -12.52 -12.57 -12.62 -12.74 -12.79
-10.51 -10.48 -10.48 -10.47 -10.47 -10.47 -10.47 -10.49 -10.51 -10.53 -10.56 -10.58 -10.6 -10.62 -10.63 -10.63 -10.64 -10.64 -10.62 -10.49 -10.41 -10.36 -10.32 -10.26 -10.17 -9.98 -9.9 -9.87 -9.89 -9.96 -10.09 -10.41 -10.56 -10.72 -10.89 -11.07 -11.25 -11.59 -11.73 -11.83 -11.9 -11.93 -11.96 -11.96 -11.94 -11.92 -11.89 -11.86 -11.81 -11.8 -11.82 -11.85 -11.91 -11.96 -12.04 -12.05 -12.07 -12.09 -12.11 -12.13 -12.15 -12.15 -12.14 -12.14 -12.16 -12.19 -12.31 -12.39 -12.45 -12.51 -12.56 -12.6 -12.72 -12.77
-10.51 -10.49 -10.49 -10.48 -10.48 -10.48 -10.48 -10.51 -10.53 -10.55 -10.58 -10.6 -10.62 -10.64 -10.64 -10.65 -10.65 -10.65 -10.64 -10.53 -10.45 -10.4 -10.35 -10.27 -10.18 -9.96 -9.87 -9.82 -9.82 -9.88 -10.0 -10.32 -10.47 -10.64 -10.82 -11.02 -11.21 -11.56 -11.7 -11.82 -11.88 -11.92 -11.97 -11.98 -11.97 -11.95 -11.92 -11.89 -11.83 -11.81 -11.81 -11.83 -11.89 -11.94 -12.02 -12.05 -12.06 -12.08 -12.09 -12.1 -12.1 -12.1 -12.09 -12.08 -12.09 -12.12 -12.27 -12.35 -12.42 -12.49 -12.55 -12.59 -12.69 -12.75
-10.52 -10.5 -10.49 -10.49 -10.49 -10.49 -10.49 -10.52 -10.55 -10.58 -10.61 -10.62 -10.63 -10.65 -10.66 -10.66 -10.66 -10.66 -10.64 -10.55 -10.5 -10.45 -10.38 -10.29 -10.17 -9.94 -9.84 -9.78 -9.78 -9.83 -9.94 -10.24 -10.39 -10.57 -10.76 -10.96 -11.15 -11.53 -11.68 -11.78 -11.85 -11.89 -11.97 -11.99 -11.98 -11.97 -11.94 -11.91 -11.85 -11.82 -11.81 -11.82 -11.87 -11.92 -12.0 -12.03 -12.05 -12.06 -12.06 -12.07 -12.06 -12.05 -12.03 -12.02 -12.03 -12.07 -12.23 -12.31 -12.4 -12.47 -12.53 -12.59 -12.69 -12.74
