Assets/Terrain/localsurface.asc
ncols 7198
nrows 15648
xllcorner 165100.000000000000
yllcorner 5628500.000000000000
cellsize 50.000000000000
NODATA_value -9999
[rows 0 to 32 of 50, columns 6808 to 6881 of 7198]
-15.58 -14.65 -13.56 -12.85 -12.72 -12.44 -12.43 -12.47 -12.52 -12.54 -12.53 -12.52 -12.5 -12.45 -12.38 -12.32 -12.02 -12.43 -12.39 -12.35 -12.32 -12.35 -12.85 -13.64 -14.11 -14.15 -14.22 -13.8 -13.05 -12.6 -12.45 -12.5 -12.54 -12.52 -12.45 -12.37 -12.27 -12.19 -12.13 -12.1 -12.11 -12.14 -12.15 -12.13 -12.11 -12.1 -12.09 -12.09 -12.07 -12.03 -11.95 -11.83 -11.68 -11.51 -11.36 -11.25 -11.17 -11.11 -11.06 -11.01 -10.96 -10.92 -10.85 -10.75 -10.62 -10.5 -10.37 -10.19 -9.96 -9.69 -9.44 -9.19 -8.97 -8.8
-11.12 -11.14 -11.17 -11.23 -11.27 -11.27 -11.28 -11.33 -11.39 -11.4 -11.36 -11.28 -11.21 -11.2 -11.23 -11.27 -11.32 -11.37 -11.41 -11.45 -11.47 -11.49 -11.5 -11.5 -11.5 -11.54 -11.6 -11.69 -11.8 -11.89 -11.95 -11.97 -11.98 -11.99 -12.01 -12.06 -12.11 -12.14 -12.13 -12.08 -12 -11.91 -11.8 -11.65 -11.5 -11.39 -11.29 -11.18 -11.06 -10.94 -10.86 -10.87 -10.93 -11.02 -11.06 -11.01 -10.85 -10.64 -10.4 -10.19 -10.03 -9.96 -9.94 -9.95 -9.97 -9.99 -10.03 -10.07 -10.08 -10.02 -9.88 -9.69 -9.48 -9.28
-11.13 -11.06 -10.97 -10.9 -10.87 -10.89 -10.93 -10.98 -11.02 -11.05 -11.05 -11.03 -10.99 -10.93 -10.86 -10.8 -10.76 -10.76 -10.79 -10.83 -10.87 -10.9 -10.94 -11 -11.07 -11.12 -11.13 -11.08 -11.03 -11.03 -11.05 -11.09 -11.12 -11.14 -11.13 -11.12 -11.1 -11.08 -11.05 -11 -10.96 -10.94 -10.93 -10.93 -10.93 -10.94 -10.94 -10.93 -10.92 -10.91 -10.89 -10.85 -10.8 -10.75 -10.72 -10.71 -10.74 -10.79 -10.83 -10.84 -10.82 -10.78 -10.73 -10.65 -10.57 -10.49 -10.42 -10.37 -10.32 -10.25 -10.15 -10.03 -9.9 -9.78
-10.23 -10.24 -10.25 -10.26 -10.28 -10.31 -10.33 -10.35 -10.37 -10.4 -10.42 -10.42 -10.42 -10.41 -10.42 -10.43 -10.45 -10.47 -10.5 -10.53 -10.56 -10.58 -10.6 -10.61 -10.62 -10.65 -10.68 -10.69 -10.68 -10.65 -10.63 -10.61 -10.61 -10.62 -10.66 -10.7 -10.77 -10.83 -10.91 -10.98 -11.02 -11.03 -11.01 -10.99 -10.96 -10.93 -10.91 -10.9 -10.91 -10.95 -11 -11.06 -11.08 -11.04 -10.97 -10.88 -10.79 -10.73 -10.7 -10.69 -10.68 -10.65 -10.61 -10.57 -10.54 -10.51 -10.49 -10.48 -10.47 -10.45 -10.42 -10.38 -10.34 -10.3
-10.17 -10.18 -10.18 -10.19 -10.21 -10.23 -10.24 -10.24 -10.25 -10.25 -10.26 -10.27 -10.28 -10.3 -10.32 -10.35 -10.39 -10.41 -10.41 -10.41 -10.39 -10.37 -10.34 -10.32 -10.3 -10.29 -10.28 -10.27 -10.27 -10.27 -10.28 -10.3 -10.31 -10.33 -10.34 -10.36 -10.37 -10.38 -10.4 -10.42 -10.43 -10.43 -10.42 -10.4 -10.4 -10.42 -10.45 -10.48 -10.51 -10.53 -10.53 -10.52 -10.49 -10.43 -10.35 -10.29 -10.25 -10.24 -10.24 -10.26 -10.27 -10.28 -10.28 -10.26 -10.23 -10.19 -10.16 -10.16 -10.18 -10.2 -10.22 -10.25 -10.29 -10.32
-10.6 -10.56 -10.54 -10.52 -10.51 -10.5 -10.48 -10.46 -10.44 -10.43 -10.41 -10.38 -10.36 -10.33 -10.31 -10.29 -10.28 -10.28 -10.28 -10.28 -10.27 -10.26 -10.26 -10.25 -10.25 -10.25 -10.26 -10.26 -10.27 -10.27 -10.28 -10.28 -10.28 -10.28 -10.28 -10.27 -10.26 -10.25 -10.24 -10.23 -10.23 -10.23 -10.24 -10.26 -10.27 -10.28 -10.29 -10.3 -10.31 -10.31 -10.31 -10.3 -10.3 -10.28 -10.27 -10.27 -10.28 -10.29 -10.32 -10.33 -10.33 -10.31 -10.29 -10.26 -10.23 -10.21 -10.21 -10.23 -10.25 -10.26 -10.27 -10.27 -10.26 -10.26
-11.19 -11.16 -11.13 -11.1 -11.08 -11.06 -11.02 -10.98 -10.93 -10.87 -10.81 -10.77 -10.73 -10.7 -10.68 -10.65 -10.63 -10.6 -10.55 -10.5 -10.45 -10.4 -10.36 -10.32 -10.29 -10.27 -10.26 -10.26 -10.25 -10.25 -10.25 -10.25 -10.25 -10.25 -10.25 -10.25 -10.25 -10.25 -10.27 -10.28 -10.29 -10.29 -10.28 -10.27 -10.26 -10.26 -10.26 -10.27 -10.27 -10.26 -10.25 -10.24 -10.24 -10.24 -10.24 -10.24 -10.24 -10.25 -10.27 -10.31 -10.35 -10.4 -10.43 -10.46 -10.48 -10.5 -10.52 -10.54 -10.56 -10.56 -10.54 -10.5 -10.45 -10.41
-11.4 -11.4 -11.41 -11.41 -11.43 -11.44 -11.46 -11.48 -11.49 -11.5 -11.51 -12.89 -14.92 -17.6 -21.01 -24.1 -25.66 -26.06 -25.87 -25.8 -24.32 -20.87 -15.98 -12.42 -10.72 -10.66 -10.62 -10.59 -10.57 -10.55 -10.54 -10.52 -10.5 -10.48 -10.47 -10.46 -10.45 -10.44 -10.42 -10.41 -10.4 -10.4 -10.39 -10.38 -10.37 -10.37 -10.38 -10.38 -10.39 -10.41 -10.42 -10.42 -10.43 -10.44 -10.46 -10.48 -10.51 -10.54 -10.57 -10.6 -10.63 -10.66 -10.68 -10.71 -10.74 -10.76 -10.77 -10.76 -10.75 -10.73 -10.7 -10.67 -10.65 -10.62
-10.64 -10.7 -10.76 -10.82 -10.85 -10.85 -10.83 -10.82 -10.82 -10.82 -10.82 -10.84 -10.86 -10.89 -10.92 -10.94 -10.96 -10.97 -10.99 -11.01 -11.03 -11.05 -11.08 -11.1 -11.13 -11.14 -11.16 -11.17 -11.17 -11.29 -13.47 -18.19 -23.26 -25.89 -25.77 -22.72 -17.28 -12.81 -11.19 -11.2 -11.19 -11.16 -11.11 -11.04 -10.97 -10.9 -10.85 -10.84 -10.84 -10.85 -10.87 -10.89 -10.9 -10.91 -10.92 -10.93 -10.94 -10.96 -10.97 -10.99 -11 -11 -10.99 -10.98 -10.97 -10.97 -10.99 -11.01 -11.04 -11.05 -11.04 -11.42 -12.46 -14.58
-10.34 -10.5 -10.67 -10.8 -10.9 -10.95 -10.94 -10.88 -10.82 -10.78 -10.76 -10.74 -10.72 -10.71 -10.71 -10.73 -10.75 -10.78 -10.79 -10.79 -10.78 -10.77 -10.77 -10.77 -10.79 -10.83 -10.9 -11.01 -11.13 -11.23 -11.3 -11.34 -11.49 -13.79 -18.97 -24.17 -26.04 -25.51 -21.4 -15.08 -11.43 -11.04 -11.04 -11.04 -11.03 -11.01 -10.98 -10.95 -10.93 -10.91 -10.91 -10.9 -10.9 -10.89 -10.88 -10.88 -10.87 -10.86 -10.85 -10.85 -10.86 -10.87 -10.88 -10.89 -10.92 -10.97 -11.04 -11.12 -11.61 -11.27 -11.32 -11.33 -11.32 -11.27
-10.02 -10.04 -10.06 -10.08 -10.13 -10.22 -10.34 -10.45 -10.54 -10.6 -10.62 -10.59 -10.55 -10.52 -10.51 -10.49 -10.48 -10.49 -10.51 -10.54 -10.57 -10.58 -10.58 -10.56 -10.68 -11.43 -13.54 -17.45 -21.86 -24.78 -26.03 -26.07 -25.84 -23.75 -19.68 -15.01 -11.91 -10.93 -10.87 -10.81 -10.77 -10.77 -10.79 -10.81 -10.83 -10.82 -10.8 -10.77 -10.74 -10.7 -10.66 -10.63 -10.61 -10.6 -10.6 -10.6 -10.61 -10.62 -10.63 -10.63 -10.65 -10.66 -10.67 -10.67 -10.67 -10.67 -10.67 -10.67 -10.68 -10.69 -10.71 -10.74 -10.77 -10.8
-10.8 -10.76 -10.73 -10.71 -10.71 -10.71 -10.74 -10.83 -11.54 -13.95 -17.87 -22.21 -24.91 -25.95 -26.17 -26.01 -25.35 -23.9 -21.53 -18.73 -15.92 -13.38 -11.5 -10.52 -10.48 -10.43 -10.39 -10.36 -10.34 -10.33 -10.33 -10.33 -10.34 -10.35 -10.36 -10.36 -10.36 -10.36 -10.35 -10.34 -10.34 -10.33 -10.34 -10.36 -10.36 -10.36 -10.35 -10.35 -10.36 -10.37 -10.39 -10.42 -10.44 -10.46 -10.47 -10.46 -10.44 -10.42 -10.4 -10.39 -10.38 -10.38 -10.38 -10.4 -10.42 -10.44 -10.47 -10.49 -10.5 -10.5 -10.49 -10.48 -10.47 -10.46
-11.11 -11.35 -12.04 -16.09 -23.06 -27.31 -27.79 -27.63 -27.18 -24.64 -18.83 -13.38 -11.21 -10.8 -10.72 -10.69 -10.68 -10.69 -10.69 -10.69 -10.68 -10.66 -10.63 -10.6 -10.56 -10.52 -10.48 -10.44 -10.4 -10.38 -10.35 -10.33 -10.3 -10.28 -10.26 -10.24 -10.22 -10.21 -10.2 -10.18 -10.17 -10.16 -10.15 -10.15 -10.13 -10.12 -10.11 -10.1 -10.09 -10.1 -10.12 -10.13 -10.15 -10.18 -10.21 -10.23 -10.25 -10.25 -10.25 -10.25 -10.25 -10.26 -10.26 -10.27 -10.26 -10.25 -10.23 -10.19 -10.16 -10.13 -10.11 -10.1 -10.1 -10.11
-10.97 -11.08 -11.22 -11.39 -11.78 -13.32 -18.21 -24.79 -27.96 -28.15 -27.44 -23.05 -15.72 -11.57 -10.88 -10.66 -10.54 -10.46 -10.42 -10.41 -10.4 -10.39 -10.4 -10.42 -10.44 -10.47 -10.48 -10.49 -10.47 -10.44 -10.41 -10.37 -10.32 -10.28 -10.23 -10.19 -10.15 -10.12 -10.09 -10.07 -10.05 -10.04 -10.03 -10.02 -10.01 -10 -9.99 -9.98 -9.98 -9.98 -10 -10.02 -10.04 -10.06 -10.07 -10.08 -10.09 -10.08 -10.07 -10.06 -10.04 -10.02 -10.01 -10 -9.99 -9.99 -9.98 -9.97 -9.96 -9.94 -9.93 -9.92 -9.91 -9.9
-22.83 -16.07 -12.4 -11.76 -11.56 -11.51 -11.59 -11.81 -12.16 -13 -16.71 -23.25 -27.84 -28.58 -26.94 -21.68 -15.21 -11.81 -11.21 -10.97 -10.8 -10.71 -10.66 -10.63 -10.61 -10.58 -10.54 -10.49 -10.42 -10.35 -10.29 -10.23 -10.17 -10.13 -10.1 -10.09 -10.08 -10.07 -10.05 -10.03 -10 -9.98 -9.96 -9.95 -9.94 -9.93 -9.92 -9.9 -9.88 -9.87 -9.85 -9.85 -9.84 -9.84 -9.85 -9.87 -9.89 -9.89 -9.89 -9.89 -9.89 -9.89 -9.89 -9.89 -9.89 -9.89 -9.88 -9.87 -9.86 -9.85 -9.84 -9.82 -9.81 -9.8
-12.87 -13.85 -18.41 -24.61 -28.31 -28.66 -28.33 -26.12 -20.64 -14.94 -12.6 -12.43 -12.61 -12.87 -13.31 -15.55 -20.69 -26.14 -28.26 -27.91 -24.88 -18.99 -14.05 -12.36 -11.99 -11.62 -11.32 -11.14 -11 -10.86 -10.72 -10.59 -10.48 -10.39 -10.31 -10.24 -10.17 -10.1 -10.05 -10 -9.95 -9.91 -9.88 -9.86 -9.85 -9.86 -9.86 -9.87 -9.87 -9.86 -9.85 -9.82 -9.79 -9.76 -9.73 -9.71 -9.69 -9.69 -9.69 -9.7 -9.71 -9.73 -9.75 -9.77 -9.78 -9.79 -9.79 -9.78 -9.78 -9.78 -9.78 -9.77 -9.78 -9.78
-11.22 -11.36 -11.47 -11.6 -11.77 -12.03 -12.37 -13.49 -18.21 -24.56 -28.43 -28.91 -27.52 -22.67 -17.05 -13.93 -13.31 -13.25 -13.38 -13.76 -14.32 -16.43 -21.65 -27.09 -29.25 -29.33 -29.03 -28.46 -25.79 -19.85 -14.29 -11.98 -11.39 -11.08 -10.83 -10.64 -10.51 -10.41 -10.32 -10.24 -10.16 -10.07 -9.99 -9.95 -9.92 -9.91 -9.91 -9.9 -9.88 -9.87 -9.84 -9.8 -9.76 -9.74 -9.73 -9.73 -9.73 -9.74 -9.76 -9.76 -9.77 -9.78 -9.79 -9.78 -9.77 -9.75 -9.73 -9.71 -9.7 -9.7 -9.71 -9.72 -9.74 -9.75
-9.91 -9.98 -10.04 -10.09 -10.14 -10.2 -10.29 -10.41 -10.55 -10.71 -10.89 -11.08 -11.31 -11.62 -11.97 -12.33 -12.67 -13 -13.31 -13.6 -13.85 -14.23 -15.98 -21.07 -27.19 -30 -30.35 -30.37 -30.29 -29.96 -28.12 -22.84 -16.4 -13.11 -12.22 -11.71 -11.31 -10.97 -10.71 -10.5 -10.35 -10.23 -10.13 -10.06 -10.03 -10.01 -10.01 -10.01 -9.99 -9.97 -9.95 -9.93 -9.91 -9.88 -9.84 -9.8 -9.76 -9.72 -9.67 -9.63 -9.6 -9.58 -9.58 -9.57 -9.58 -9.58 -9.6 -9.61 -9.63 -9.65 -9.67 -9.7 -9.72 -9.73
-9.53 -9.59 -9.65 -9.71 -9.76 -9.81 -9.89 -10.02 -10.21 -10.43 -10.65 -10.84 -11.01 -11.15 -11.28 -11.4 -11.61 -12.13 -14.19 -19.52 -26.11 -29.16 -29.55 -29.38 -29.07 -28.69 -26.58 -22.2 -17.55 -14.54 -13.74 -13.93 -14.14 -14.34 -14.39 -14.16 -13.68 -12.99 -12.27 -11.65 -11.13 -10.74 -10.43 -10.21 -10.04 -9.89 -9.77 -9.68 -9.63 -9.61 -9.61 -9.62 -9.64 -9.64 -9.64 -9.63 -9.62 -9.6 -9.58 -9.55 -9.53 -9.53 -9.53 -9.53 -9.54 -9.54 -9.55 -9.55 -9.56 -9.56 -9.57 -9.59 -9.62 -9.65
-9.37 -9.47 -9.57 -9.68 -9.78 -9.87 -9.98 -10.11 -10.24 -10.34 -10.42 -10.47 -10.49 -10.48 -10.48 -10.51 -10.6 -10.79 -11.09 -11.91 -15.77 -23.19 -28.87 -30.88 -31.49 -31.62 -31.29 -30.6 -29.43 -24.74 -18.12 -13.99 -13.57 -13.54 -13.55 -13.63 -13.74 -13.8 -13.77 -13.61 -13.32 -12.93 -12.48 -12.01 -11.56 -11.14 -10.74 -10.41 -10.16 -9.99 -9.86 -9.76 -9.69 -9.66 -9.63 -9.6 -9.56 -9.53 -9.49 -9.45 -9.43 -9.42 -9.42 -9.41 -9.39 -9.36 -9.33 -9.31 -9.28 -9.26 -9.26 -9.27 -9.28 -9.3
-9.18 -9.23 -9.28 -9.36 -9.45 -9.55 -9.65 -9.76 -9.84 -9.9 -9.97 -10.05 -10.15 -10.27 -10.39 -10.53 -10.72 -11.01 -11.43 -11.86 -12.08 -12.03 -12.07 -12.5 -13.69 -17.48 -24.16 -29.72 -31.56 -31.54 -31.16 -30.44 -29.59 -28.05 -23.08 -16.7 -12.61 -12.07 -12.05 -12.1 -12.19 -12.29 -12.36 -12.42 -12.46 -12.51 -12.52 -12.49 -12.39 -12.22 -11.99 -11.74 -11.51 -11.32 -11.16 -11.05 -10.94 -10.76 -10.54 -10.33 -10.14 -9.97 -9.81 -9.68 -9.57 -9.47 -9.37 -9.27 -9.19 -9.15 -9.12 -9.12 -9.12 -9.11
-9.06 -9.1 -9.15 -9.19 -9.23 -9.26 -9.28 -9.32 -9.37 -9.42 -9.48 -9.55 -9.62 -9.73 -9.84 -9.96 -10.07 -10.15 -10.23 -10.31 -10.4 -10.48 -10.57 -10.67 -10.79 -10.94 -11.17 -11.61 -12.26 -13.06 -14.63 -19.57 -26.82 -31.73 -33.4 -34.26 -34.16 -33.17 -31.71 -30.06 -26.94 -20.8 -14.71 -12.18 -11.89 -11.91 -11.96 -12.02 -12.07 -12.07 -12.04 -11.99 -11.92 -11.85 -11.8 -11.77 -11.74 -11.71 -11.68 -11.64 -11.59 -11.5 -11.38 -11.2 -10.95 -10.65 -10.38 -10.17 -10.01 -9.86 -9.71 -9.59 -9.49 -9.42
-8.78 -8.8 -8.82 -8.84 -8.85 -8.86 -8.88 -8.92 -9 -9.1 -9.19 -9.25 -9.3 -9.38 -9.46 -9.56 -9.67 -9.77 -9.87 -9.95 -10.01 -10.05 -10.07 -10.09 -10.13 -10.17 -10.24 -10.33 -10.5 -10.74 -11.06 -11.46 -11.95 -12.54 -13.14 -14.09 -17.9 -24.68 -30.2 -32.21 -32.5 -31.8 -30.9 -30.41 -29.72 -26.16 -20.06 -14.96 -12.86 -12.54 -12.31 -12.15 -12.03 -11.96 -11.92 -11.91 -11.93 -11.95 -11.99 -12.03 -12.08 -12.13 -12.18 -12.22 -12.25 -12.27 -12.26 -12.2 -12.09 -11.89 -11.64 -11.37 -11.11 -10.85
-8.5 -8.48 -8.46 -8.46 -8.47 -8.5 -8.56 -8.63 -8.72 -8.83 -8.95 -9.08 -9.19 -9.3 -9.37 -9.42 -9.47 -9.53 -9.58 -9.63 -9.67 -9.71 -9.73 -9.76 -9.77 -9.77 -9.76 -9.75 -9.76 -9.79 -9.85 -9.97 -10.12 -10.32 -10.56 -10.82 -11.11 -11.4 -11.66 -11.86 -12.13 -12.54 -13.16 -14.32 -16.82 -21.06 -26.53 -30.62 -32.02 -31.61 -30.86 -29.92 -28.63 -24.11 -16.95 -13.03 -12.43 -12.03 -11.67 -11.5 -11.45 -11.44 -11.44 -11.49 -11.55 -11.64 -11.74 -11.86 -11.97 -12.06 -12.11 -12.14 -12.14 -12.11
-8.54 -8.53 -8.53 -8.54 -8.56 -8.61 -8.65 -8.7 -8.76 -8.81 -8.85 -8.9 -8.93 -8.98 -9.01 -9.03 -9.04 -9.06 -9.08 -9.11 -9.15 -9.21 -9.27 -9.33 -9.39 -9.45 -9.49 -9.51 -9.53 -9.55 -9.58 -9.61 -9.65 -9.68 -9.71 -9.76 -9.85 -10 -10.21 -10.43 -10.65 -10.85 -11.07 -11.37 -11.73 -12.17 -12.74 -13.5 -14.32 -15.09 -16.08 -20.11 -26.92 -30.14 -29.39 -24.9 -17.33 -13.05 -12.2 -11.82 -11.53 -11.31 -11.15 -11.06 -11.01 -10.97 -10.96 -11 -11.06 -11.07 -11.05 -11.04 -11.07 -11.18
-8.77 -8.76 -8.74 -8.72 -8.7 -8.68 -8.66 -8.65 -8.65 -8.67 -8.72 -8.8 -8.87 -8.95 -9.02 -9.08 -9.12 -9.13 -9.12 -9.11 -9.11 -9.12 -9.15 -9.19 -9.23 -9.28 -9.32 -9.34 -9.36 -9.38 -9.4 -9.41 -9.4 -9.39 -9.38 -9.38 -9.38 -9.41 -9.48 -9.58 -9.69 -9.8 -9.91 -10.08 -10.29 -10.55 -10.83 -11.13 -11.43 -11.73 -12.12 -12.62 -13.24 -14.07 -16.61 -22.34 -27.88 -30.76 -31.02 -30.86 -30.58 -30.24 -29.86 -29.48 -29.14 -28.89 -27.2 -23.45 -18.48 -14.92 -12.94 -12.77 -12.66 -12.56
-8.53 -8.52 -8.51 -8.51 -8.5 -8.5 -8.51 -8.53 -8.54 -8.55 -8.56 -8.58 -8.62 -8.68 -8.74 -8.81 -8.86 -8.91 -8.94 -8.97 -8.99 -9.01 -9.02 -9.04 -9.06 -9.09 -9.11 -9.11 -9.1 -9.08 -9.07 -9.08 -9.13 -9.19 -9.26 -9.32 -9.37 -9.4 -9.44 -9.46 -9.49 -9.52 -9.54 -9.55 -9.58 -9.64 -9.71 -9.8 -9.87 -9.93 -9.98 -10.01 -10.04 -10.08 -10.11 -10.14 -10.19 -10.25 -10.35 -10.51 -10.78 -11.13 -11.46 -11.69 -11.91 -12.19 -12.46 -12.67 -12.89 -13.17 -14.55 -16.72 -19.9 -23.15
-8.44 -8.43 -8.44 -8.45 -8.48 -8.49 -8.49 -8.49 -8.49 -8.49 -8.5 -8.51 -8.52 -8.51 -8.52 -8.55 -8.59 -8.64 -8.67 -8.69 -8.71 -8.73 -8.73 -8.72 -8.71 -8.69 -8.7 -8.71 -8.72 -8.73 -8.75 -8.78 -8.83 -8.88 -8.93 -8.98 -9 -9.02 -9.03 -9.04 -9.05 -9.08 -9.11 -9.14 -9.16 -9.19 -9.21 -9.23 -9.26 -9.3 -9.35 -9.41 -9.47 -9.55 -9.62 -9.67 -9.71 -9.74 -9.77 -9.79 -9.82 -9.86 -9.87 -9.86 -9.86 -9.9 -9.95 -10.02 -10.08 -10.12 -10.15 -10.17 -10.21 -10.24
-8.42 -8.42 -8.42 -8.41 -8.4 -8.41 -8.44 -8.46 -8.49 -8.5 -8.52 -8.55 -8.58 -8.62 -8.67 -8.71 -8.74 -8.74 -8.73 -8.71 -8.68 -8.67 -8.66 -8.65 -8.65 -8.65 -8.65 -8.67 -8.7 -8.74 -8.79 -8.82 -8.85 -8.87 -8.89 -8.92 -8.95 -8.98 -9.02 -9.06 -9.11 -9.16 -9.22 -9.27 -9.33 -9.38 -9.42 -9.45 -9.48 -9.5 -9.51 -9.52 -9.52 -9.51 -9.5 -9.49 -9.48 -9.5 -9.53 -9.57 -9.61 -9.64 -9.67 -9.69 -9.71 -9.72 -9.73 -9.74 -9.74 -9.73 -9.71 -9.68 -9.64 -9.6
-8.64 -8.69 -8.74 -8.78 -8.81 -8.84 -8.86 -8.88 -8.87 -8.84 -8.81 -8.79 -8.76 -8.75 -8.74 -8.74 -8.76 -8.8 -8.84 -8.89 -8.93 -8.97 -9.01 -9.04 -9.06 -9.07 -9.08 -9.08 -9.07 -9.04 -9.02 -9.01 -9.03 -9.07 -9.12 -9.17 -9.23 -9.28 -10.67 -13.93 -15.63 -13.98 -10.77 -9.44 -9.45 -9.46 -9.48 -9.49 -9.5 -9.52 -9.53 -9.54 -9.55 -9.56 -9.58 -9.6 -9.61 -9.62 -9.63 -9.64 -9.66 -9.68 -9.71 -9.75 -9.78 -9.8 -9.82 -9.82 -9.81 -9.77 -9.73 -9.68 -9.65 -9.62
-8.46 -10.16 -14.6 -19.34 -19.42 -14.81 -11.42 -11.73 -11.77 -10.25 -9 -9.03 -9.06 -9.1 -9.13 -9.17 -9.19 -9.2 -9.2 -9.2 -9.21 -9.23 -9.27 -9.31 -9.34 -9.36 -9.37 -9.38 -9.38 -9.39 -9.39 -9.41 -9.42 -9.42 -9.43 -9.44 -9.46 -9.48 -9.49 -9.48 -9.45 -9.42 -9.39 -9.39 -9.39 -9.39 -9.39 -9.39 -9.38 -9.38 -9.38 -9.38 -9.38 -9.38 -9.38 -9.39 -9.39 -9.39 -9.39 -9.39 -9.39 -9.38 -9.38 -9.38 -9.39 -9.39 -9.39 -9.39 -9.38 -9.36 -9.33 -9.3 -9.28 -9.27
-8.26 -8.25 -8.26 -8.28 -8.31 -8.35 -9.63 -13.89 -18.82 -21.69 -22.17 -22.31 -22.46 -22.26 -19.91 -15.58 -13.16 -12.85 -11.92 -10.37 -9.08 -9.1 -9.12 -9.13 -9.15 -9.18 -9.23 -9.28 -9.34 -9.4 -9.46 -9.52 -9.58 -9.62 -10.04 -13.77 -20.22 -24.28 -24.64 -24.58 -24.49 -24.41 -24.38 -24.38 -24.03 -20.41 -14.42 -11.39 -12.62 -13.57 -13.89 -15.1 -16.11 -14.66 -12.41 -10.43 -9.45 -9.43 -9.41 -9.39 -9.38 -9.36 -9.34 -9.33 -9.32 -9.32 -9.32 -9.33 -9.33 -9.33 -9.34 -9.36 -9.39 -9.44
-8.58 -8.54 -8.5 -8.47 -8.47 -8.48 -8.51 -8.53 -8.56 -8.59 -8.62 -8.65 -9.95 -13.39 -17.82 -20.95 -22.27 -21.36 -19.46 -15.68 -11.59 -9.11 -8.79 -8.82 -8.88 -8.94 -9.01 -9.09 -9.17 -9.25 -9.32 -9.37 -9.41 -11.15 -15.42 -21.13 -23.47 -23.55 -19.98 -13.69 -10.48 -13.82 -20.27 -24.33 -24.72 -24.72 -24.71 -24.71 -24.71 -24.72 -24.37 -21.73 -15.62 -11.32 -9.97 -10 -10.02 -10.03 -10.04 -10.03 -10.02 -9.99 -9.96 -9.93 -9.88 -9.82 -9.76 -9.7 -9.66 -9.64 -9.63 -9.62 -9.62 -9.64
