Assets/Terrain/localsurface.asc
ncols 7198
nrows 15648
xllcorner 165100.000000000000
yllcorner 5628500.000000000000
cellsize 50.000000000000
NODATA_value -9999
[rows 0 to 32 of 50, columns 814 to 887 of 7198]
-24.47 -24.12 -23.77 -23.5 -23.47 -23.77 -24.18 -24.5 -24.71 -24.83 -24.83 -24.63 -24.24 -23.7 -23.07 -22.43 -22.06 -22.19 -22.5 -22.66 -22.57 -22.19 -21.56 -21.08 -20.71 -20.35 -18.88 -17.04 -15.84 -14.58 -13.52 -12.69 -12.52 -12.31 -12.06 -11.85 -11.71 -11.65 -11.68 -11.76 -11.81 -11.77 -11.62 -11.37 -11.14 -11.05 -11.01 -10.93 -10.81 -10.63 -10.37 -10.07 -9.76 -9.48 -9.23 -8.99 -8.78 -8.62 -8.48 -8.32 -8.12 -7.92 -7.73 -7.59 -7.5 -7.47 -7.46 -7.46 -7.43 -7.36 -7.26 -7.15 -7.06 -6.99
-11.99 -11.94 -11.94 -11.99 -12.05 -12.12 -12.15 -12.14 -12.11 -12.05 -12.01 -11.98 -11.96 -11.93 -11.9 -11.89 -11.89 -11.9 -11.9 -11.9 -11.93 -12.01 -12.12 -12.22 -12.3 -12.36 -12.39 -12.42 -12.42 -12.41 -12.39 -12.36 -12.33 -12.3 -12.28 -12.27 -12.26 -12.25 -12.21 -12.15 -12.07 -12 -11.93 -11.87 -11.8 -11.73 -11.65 -11.54 -11.42 -11.3 -11.24 -11.28 -11.36 -11.43 -11.46 -11.44 -11.38 -11.3 -11.2 -11.1 -10.99 -10.88 -10.74 -10.55 -10.28 -9.96 -9.65 -9.33 -9.05 -8.86 -8.7 -8.49 -8.27 -8.09
-11.23 -11.2 -11.18 -11.2 -11.25 -11.28 -11.29 -11.26 -11.23 -11.21 -11.2 -11.18 -11.18 -11.2 -11.23 -11.26 -11.3 -11.36 -11.42 -11.46 -11.48 -11.48 -11.49 -11.52 -11.58 -11.64 -11.7 -11.75 -11.79 -11.81 -11.84 -11.89 -11.93 -11.91 -11.85 -11.75 -11.65 -11.56 -11.48 -11.41 -11.29 -11.14 -11.02 -10.96 -10.92 -10.9 -10.91 -10.96 -11.03 -11.1 -11.12 -11.07 -10.93 -10.74 -10.55 -10.42 -10.34 -10.3 -10.28 -10.27 -10.27 -10.26 -10.26 -10.24 -10.19 -10.1 -9.98 -9.83 -9.65 -9.45 -9.28 -9.14 -9.05 -8.98
-10.81 -10.8 -10.81 -10.84 -10.87 -10.89 -10.89 -10.88 -10.86 -10.83 -10.79 -10.74 -10.73 -10.75 -10.8 -10.86 -10.91 -10.95 -10.97 -11.01 -11.04 -11.06 -11.04 -10.99 -10.94 -10.95 -10.98 -11.02 -11.06 -11.09 -11.1 -11.09 -11.06 -11.04 -11.01 -10.99 -10.98 -10.99 -10.99 -10.99 -10.99 -11 -11 -10.98 -10.95 -10.92 -10.89 -10.87 -10.83 -10.78 -10.73 -10.69 -10.68 -10.7 -10.73 -10.74 -10.74 -10.73 -10.7 -10.65 -10.6 -10.55 -10.49 -10.45 -10.41 -10.34 -10.25 -10.14 -10.01 -9.88 -9.75 -9.61 -9.46 -9.31
-10.22 -10.24 -10.26 -10.28 -10.31 -10.34 -10.36 -10.36 -10.36 -10.36 -10.36 -10.37 -10.38 -10.4 -10.43 -10.47 -10.5 -10.51 -10.52 -10.53 -10.54 -10.56 -10.57 -10.57 -10.57 -10.55 -10.54 -10.54 -10.55 -10.56 -10.59 -10.63 -10.68 -10.73 -10.79 -10.85 -10.91 -10.93 -10.94 -10.94 -10.93 -10.91 -10.89 -10.87 -10.87 -10.88 -10.91 -10.95 -10.97 -10.94 -10.89 -10.83 -10.77 -10.72 -10.68 -10.65 -10.63 -10.59 -10.54 -10.49 -10.44 -10.4 -10.39 -10.38 -10.37 -10.36 -10.35 -10.34 -10.33 -10.32 -10.3 -10.26 -10.2 -10.13
-10.35 -10.35 -10.35 -10.35 -10.34 -10.33 -10.32 -10.32 -10.31 -10.31 -10.33 -10.35 -10.37 -10.38 -10.39 -10.39 -10.38 -10.37 -10.36 -10.34 -10.33 -10.32 -10.31 -10.3 -10.29 -10.29 -10.3 -10.32 -10.33 -10.34 -10.35 -10.36 -10.37 -10.38 -10.39 -10.4 -10.4 -10.4 -10.39 -10.38 -10.37 -10.37 -10.38 -10.39 -10.4 -10.41 -10.42 -10.42 -10.42 -10.39 -10.35 -10.3 -10.26 -10.24 -10.23 -10.23 -10.24 -10.24 -10.24 -10.22 -10.2 -10.17 -10.16 -10.16 -10.17 -10.19 -10.21 -10.23 -10.26 -10.29 -10.33 -10.36 -10.38 -10.39
-10.53 -10.5 -10.47 -10.44 -10.42 -10.41 -10.39 -10.37 -10.35 -10.32 -10.31 -10.3 -10.29 -10.28 -10.27 -10.27 -10.26 -10.25 -10.24 -10.23 -10.22 -10.22 -10.23 -10.23 -10.24 -10.25 -10.25 -10.26 -10.27 -10.27 -10.25 -10.23 -10.21 -10.19 -10.18 -10.18 -10.18 -10.18 -10.18 -10.18 -10.19 -10.2 -10.22 -10.24 -10.26 -10.27 -10.27 -10.28 -10.28 -10.28 -10.27 -10.25 -10.24 -10.25 -10.27 -10.3 -10.32 -10.34 -10.33 -10.31 -10.29 -10.26 -10.25 -10.24 -10.25 -10.27 -10.3 -10.31 -10.32 -10.32 -10.33 -10.32 -10.31 -10.3
-11.58 -11.31 -11.15 -11.1 -11.06 -11.02 -10.98 -10.94 -10.89 -10.84 -10.79 -10.75 -10.71 -10.67 -10.62 -10.58 -10.53 -10.48 -10.43 -10.39 -10.36 -10.34 -10.32 -10.31 -10.3 -10.29 -10.28 -10.28 -10.29 -10.29 -10.29 -10.29 -10.29 -10.3 -10.31 -10.32 -10.33 -10.32 -10.31 -10.3 -10.29 -10.29 -10.28 -10.28 -10.28 -10.27 -10.27 -10.26 -10.26 -10.25 -10.25 -10.25 -10.25 -10.27 -10.3 -10.34 -10.39 -10.44 -10.49 -10.53 -10.56 -10.58 -10.59 -10.6 -10.59 -10.59 -10.56 -10.52 -10.48 -10.43 -10.38 -10.36 -10.33 -10.32
-11.32 -11.35 -11.38 -11.4 -11.42 -11.45 -11.47 -11.48 -11.48 -11.48 -12.52 -14.34 -17.23 -20.29 -22.93 -24.9 -26.22 -26 -23.71 -18.89 -13.71 -11.02 -10.73 -10.7 -10.67 -10.65 -10.63 -10.62 -10.6 -10.57 -10.55 -10.53 -10.51 -10.49 -10.48 -10.46 -10.45 -10.44 -10.43 -10.41 -10.4 -10.4 -10.41 -10.42 -10.44 -10.46 -10.49 -10.51 -10.54 -10.56 -10.57 -10.58 -10.6 -10.64 -10.68 -10.73 -10.76 -10.78 -10.8 -10.81 -10.82 -10.83 -10.82 -10.8 -10.78 -10.76 -10.74 -10.73 -10.72 -10.7 -10.68 -10.67 -10.67 -10.66
-10.78 -10.78 -10.77 -10.76 -10.76 -10.75 -10.75 -10.76 -10.78 -10.8 -10.83 -10.86 -10.87 -10.88 -10.89 -10.91 -10.93 -10.96 -10.99 -11 -11.03 -11.06 -11.09 -11.13 -11.15 -11.16 -11.16 -12.67 -17.28 -23.1 -25.79 -26.04 -23.86 -19.15 -13.97 -11.5 -11.27 -11.26 -11.22 -11.15 -11.06 -10.98 -10.92 -10.89 -10.89 -10.91 -10.93 -10.95 -10.95 -10.95 -10.94 -10.94 -10.95 -10.96 -10.98 -11 -11.02 -11.02 -11.02 -11.02 -11.03 -11.04 -11.06 -11.08 -11.51 -13.01 -16.6 -20.6 -23.38 -23.96 -22.76 -20.25 -17.3 -14.44
-10.95 -11.01 -11.01 -10.95 -10.89 -10.85 -10.82 -10.78 -10.75 -10.73 -10.73 -10.73 -10.75 -10.78 -10.79 -10.79 -10.79 -10.78 -10.79 -10.8 -10.83 -10.88 -10.95 -11.05 -11.15 -11.22 -11.29 -11.46 -12.76 -17.29 -22.92 -26.04 -26.1 -23.75 -18.5 -13.21 -11.26 -11 -11 -10.99 -10.98 -10.96 -10.94 -10.91 -10.9 -10.89 -10.88 -10.87 -10.87 -10.86 -10.85 -10.84 -10.83 -10.82 -10.82 -10.81 -10.82 -10.82 -10.82 -10.83 -10.85 -10.89 -10.95 -11.03 -11.12 -11.19 -11.25 -11.29 -11.29 -11.25 -11.19 -11.11 -11.01 -10.91
-10.19 -10.23 -10.28 -10.36 -10.44 -10.49 -10.53 -10.53 -10.51 -10.49 -10.48 -10.46 -10.45 -10.45 -10.48 -10.51 -10.55 -10.68 -11.14 -13.41 -16.89 -20.32 -22.85 -24.75 -25.75 -25.37 -24.49 -22.71 -19.58 -15.49 -12.44 -10.91 -10.87 -10.82 -10.77 -10.72 -10.69 -10.68 -10.7 -10.73 -10.76 -10.75 -10.73 -10.7 -10.67 -10.64 -10.61 -10.58 -10.56 -10.56 -10.56 -10.56 -10.57 -10.58 -10.59 -10.61 -10.63 -10.65 -10.67 -10.67 -10.67 -10.67 -10.66 -10.65 -10.64 -10.64 -10.65 -10.67 -10.68 -10.69 -10.7 -10.71 -10.72 -10.71
-10.95 -11 -11.66 -14.04 -17.93 -22.28 -25.12 -26.28 -26.23 -25.58 -23.22 -19.69 -16.22 -13.66 -11.86 -10.98 -10.66 -10.6 -10.55 -10.49 -10.44 -10.4 -10.36 -10.33 -10.31 -10.3 -10.3 -10.3 -10.3 -10.3 -10.31 -10.31 -10.3 -10.3 -10.28 -10.27 -10.27 -10.26 -10.26 -10.27 -10.27 -10.26 -10.25 -10.24 -10.25 -10.26 -10.29 -10.32 -10.35 -10.38 -10.4 -10.41 -10.4 -10.39 -10.38 -10.36 -10.35 -10.35 -10.35 -10.35 -10.35 -10.37 -10.39 -10.41 -10.43 -10.44 -10.44 -10.44 -10.43 -10.41 -10.39 -10.38 -10.37 -10.36
-23.36 -27.41 -27.94 -27.82 -27.11 -22.83 -15.89 -11.56 -10.93 -10.76 -10.65 -10.6 -10.59 -10.59 -10.6 -10.62 -10.64 -10.64 -10.63 -10.61 -10.58 -10.54 -10.5 -10.46 -10.42 -10.39 -10.36 -10.32 -10.29 -10.26 -10.24 -10.22 -10.2 -10.18 -10.17 -10.16 -10.15 -10.14 -10.12 -10.11 -10.1 -10.09 -10.09 -10.08 -10.08 -10.09 -10.11 -10.12 -10.14 -10.16 -10.18 -10.2 -10.21 -10.21 -10.2 -10.2 -10.2 -10.21 -10.21 -10.22 -10.21 -10.2 -10.19 -10.15 -10.12 -10.09 -10.07 -10.05 -10.05 -10.06 -10.07 -10.09 -10.12 -10.15
-11.66 -12.44 -16.76 -23.93 -27.9 -28.25 -27.53 -23.25 -15.76 -11.59 -10.87 -10.64 -10.51 -10.43 -10.38 -10.35 -10.34 -10.34 -10.34 -10.36 -10.37 -10.4 -10.43 -10.45 -10.46 -10.44 -10.41 -10.36 -10.31 -10.27 -10.23 -10.19 -10.15 -10.12 -10.09 -10.07 -10.06 -10.05 -10.04 -10.03 -10.02 -10.01 -10 -10 -10 -10.01 -10.02 -10.04 -10.06 -10.07 -10.08 -10.08 -10.08 -10.07 -10.05 -10.04 -10.02 -9.99 -9.97 -9.96 -9.94 -9.93 -9.92 -9.92 -9.91 -9.9 -9.89 -9.88 -9.88 -9.88 -9.88 -9.89 -9.9 -9.9
-11.83 -11.76 -11.82 -12 -12.28 -12.77 -14.36 -19.46 -25.63 -28.53 -28.08 -23.77 -16.75 -12.28 -11.48 -11.19 -11.01 -10.92 -10.86 -10.81 -10.76 -10.72 -10.66 -10.57 -10.47 -10.38 -10.29 -10.22 -10.15 -10.1 -10.06 -10.03 -10.02 -10 -9.98 -9.96 -9.95 -9.93 -9.92 -9.92 -9.91 -9.91 -9.9 -9.88 -9.85 -9.83 -9.81 -9.79 -9.78 -9.78 -9.79 -9.8 -9.81 -9.82 -9.82 -9.83 -9.83 -9.84 -9.85 -9.86 -9.86 -9.86 -9.86 -9.86 -9.85 -9.84 -9.83 -9.82 -9.8 -9.79 -9.79 -9.79 -9.8 -9.81
-26.21 -28.59 -28.77 -28.07 -23.83 -16.7 -12.71 -12.19 -12.18 -12.31 -12.59 -13.32 -16.49 -22.45 -27.29 -28.6 -28.04 -24.76 -19.07 -14.06 -12.32 -11.91 -11.54 -11.27 -11.07 -10.9 -10.75 -10.62 -10.51 -10.41 -10.34 -10.29 -10.24 -10.17 -10.1 -10.04 -9.99 -9.94 -9.91 -9.88 -9.86 -9.86 -9.86 -9.86 -9.86 -9.86 -9.85 -9.83 -9.8 -9.77 -9.74 -9.72 -9.7 -9.69 -9.7 -9.71 -9.73 -9.75 -9.76 -9.77 -9.77 -9.77 -9.77 -9.77 -9.77 -9.76 -9.76 -9.76 -9.76 -9.77 -9.77 -9.78 -9.78 -9.78
-11.46 -11.71 -12.01 -12.49 -14.68 -20.14 -25.55 -28.05 -28.85 -27.7 -24.45 -21.03 -18.97 -17.49 -16.03 -15.05 -14.74 -15.16 -19.06 -25.78 -29.4 -29.59 -29.3 -28.79 -26.89 -21.67 -15.34 -12.23 -11.56 -11.22 -10.96 -10.77 -10.62 -10.48 -10.39 -10.3 -10.2 -10.09 -10 -9.95 -9.93 -9.92 -9.92 -9.91 -9.89 -9.87 -9.84 -9.81 -9.77 -9.74 -9.73 -9.71 -9.71 -9.72 -9.73 -9.73 -9.74 -9.75 -9.75 -9.75 -9.74 -9.72 -9.7 -9.68 -9.67 -9.68 -9.69 -9.71 -9.73 -9.74 -9.75 -9.76 -9.76 -9.76
-10.01 -10.08 -10.18 -10.33 -10.49 -10.67 -10.83 -11 -11.22 -11.5 -11.8 -12.11 -12.47 -12.82 -13.15 -13.44 -13.67 -14 -15.76 -20.89 -27.08 -29.95 -30.36 -30.43 -30.39 -29.64 -26.68 -21.36 -16 -13.39 -12.45 -11.86 -11.39 -11.03 -10.74 -10.51 -10.31 -10.16 -10.08 -10.03 -10.02 -10.02 -10.02 -10.02 -10 -9.99 -9.97 -9.95 -9.92 -9.89 -9.86 -9.84 -9.81 -9.76 -9.71 -9.67 -9.63 -9.61 -9.59 -9.57 -9.56 -9.57 -9.59 -9.62 -9.65 -9.68 -9.7 -9.72 -9.74 -9.75 -9.77 -9.79 -9.81 -9.81
-9.92 -9.99 -10.07 -10.18 -10.3 -10.49 -10.69 -10.85 -10.99 -11.1 -11.2 -11.34 -11.61 -12.17 -14.3 -19.79 -26.29 -29.33 -29.68 -29.41 -28.85 -26.66 -21.31 -15.97 -13.43 -13.23 -13.36 -13.61 -13.91 -14.21 -14.35 -14.24 -13.87 -13.2 -12.43 -11.76 -11.23 -10.84 -10.53 -10.27 -10.07 -9.91 -9.78 -9.67 -9.59 -9.55 -9.54 -9.54 -9.55 -9.56 -9.57 -9.59 -9.59 -9.57 -9.55 -9.52 -9.5 -9.48 -9.47 -9.47 -9.48 -9.5 -9.52 -9.54 -9.56 -9.57 -9.58 -9.59 -9.61 -9.64 -9.66 -9.67 -9.67 -9.67
-9.75 -9.82 -9.9 -10.01 -10.13 -10.23 -10.31 -10.37 -10.42 -10.45 -10.49 -10.55 -10.64 -10.78 -11.02 -11.54 -13.84 -20.08 -26.94 -30.55 -31.47 -31.68 -31.45 -30.77 -29.82 -27.01 -21.13 -15.73 -13.65 -13.3 -13.26 -13.3 -13.37 -13.43 -13.48 -13.47 -13.36 -13.12 -12.76 -12.33 -11.89 -11.48 -11.07 -10.68 -10.37 -10.14 -9.95 -9.83 -9.75 -9.68 -9.64 -9.61 -9.58 -9.54 -9.5 -9.45 -9.42 -9.41 -9.4 -9.39 -9.37 -9.34 -9.31 -9.29 -9.26 -9.24 -9.22 -9.23 -9.24 -9.25 -9.25 -9.24 -9.23 -9.21
-9.43 -9.53 -9.63 -9.73 -9.81 -9.87 -9.94 -10.03 -10.14 -10.27 -10.4 -10.52 -10.65 -10.82 -11.09 -11.47 -11.77 -11.89 -12.04 -12.39 -13.08 -14.46 -18.58 -24.92 -30.27 -31.88 -31.71 -31.12 -30.39 -29.65 -27.52 -22.03 -15.82 -12.48 -11.95 -11.94 -12.01 -12.11 -12.18 -12.22 -12.25 -12.31 -12.36 -12.39 -12.37 -12.29 -12.15 -11.97 -11.79 -11.65 -11.54 -11.44 -11.31 -11.08 -10.82 -10.57 -10.36 -10.18 -9.99 -9.81 -9.66 -9.54 -9.44 -9.33 -9.22 -9.14 -9.08 -9.06 -9.05 -9.05 -9.05 -9.05 -9.05 -9.05
-9.11 -9.14 -9.18 -9.24 -9.3 -9.38 -9.45 -9.54 -9.62 -9.7 -9.78 -9.88 -9.99 -10.08 -10.14 -10.21 -10.28 -10.36 -10.44 -10.54 -10.63 -10.75 -10.93 -11.24 -11.76 -12.46 -13.34 -16.05 -21.63 -27.02 -29.72 -31.5 -32.82 -33.03 -32.3 -30.93 -29.06 -23.87 -16.5 -12.46 -11.98 -11.99 -12.05 -12.11 -12.14 -12.14 -12.1 -12.05 -11.97 -11.9 -11.84 -11.79 -11.75 -11.73 -11.71 -11.71 -11.69 -11.65 -11.56 -11.43 -11.25 -11 -10.71 -10.43 -10.2 -10.01 -9.86 -9.72 -9.61 -9.51 -9.44 -9.38 -9.33 -9.29
-8.68 -8.72 -8.77 -8.83 -8.93 -9.05 -9.15 -9.19 -9.23 -9.31 -9.43 -9.55 -9.67 -9.78 -9.86 -9.94 -10 -10.04 -10.06 -10.08 -10.1 -10.14 -10.2 -10.3 -10.48 -10.74 -11.06 -11.48 -12.03 -12.64 -13.25 -13.84 -15.14 -20.12 -27.21 -31.45 -32.44 -32.47 -31.87 -30.78 -29.92 -29.51 -27.14 -22.02 -16.26 -13.18 -12.46 -12.18 -12.02 -11.91 -11.85 -11.83 -11.85 -11.88 -11.94 -12 -12.07 -12.12 -12.16 -12.19 -12.22 -12.26 -12.28 -12.27 -12.21 -12.07 -11.88 -11.64 -11.4 -11.16 -10.9 -10.64 -10.41 -10.22
-8.47 -8.51 -8.57 -8.65 -8.74 -8.85 -8.96 -9.08 -9.2 -9.3 -9.38 -9.42 -9.45 -9.5 -9.56 -9.61 -9.65 -9.67 -9.68 -9.7 -9.71 -9.7 -9.68 -9.66 -9.66 -9.69 -9.75 -9.85 -9.97 -10.11 -10.27 -10.46 -10.65 -10.8 -10.94 -11.09 -11.33 -11.72 -12.28 -13.12 -14.09 -15.52 -19.49 -25.56 -30.51 -31.63 -31.02 -30.16 -28.85 -24.25 -16.72 -12.64 -12.08 -11.96 -11.86 -11.74 -11.59 -11.44 -11.35 -11.32 -11.37 -11.45 -11.54 -11.63 -11.73 -11.83 -11.93 -12.01 -12.05 -12.05 -12.01 -11.96 -11.88 -11.76
-8.57 -8.62 -8.67 -8.73 -8.78 -8.82 -8.87 -8.91 -8.95 -8.98 -9.01 -9.03 -9.04 -9.05 -9.07 -9.1 -9.14 -9.19 -9.24 -9.3 -9.35 -9.4 -9.44 -9.47 -9.49 -9.51 -9.53 -9.57 -9.6 -9.62 -9.64 -9.68 -9.75 -9.87 -10.03 -10.23 -10.46 -10.72 -11.01 -11.32 -11.69 -12.13 -12.68 -13.39 -14.13 -14.85 -15.88 -20.03 -26.94 -30.22 -29.57 -25.19 -17.68 -13.37 -12.5 -12.12 -11.81 -11.57 -11.37 -11.24 -11.14 -11.06 -10.99 -10.97 -11.01 -11.13 -11.23 -11.24 -11.22 -11.24 -11.32 -11.42 -11.53 -11.63
-8.72 -8.69 -8.67 -8.65 -8.64 -8.66 -8.71 -8.79 -8.87 -8.94 -9.02 -9.09 -9.13 -9.15 -9.15 -9.14 -9.15 -9.16 -9.18 -9.21 -9.25 -9.29 -9.33 -9.35 -9.37 -9.39 -9.41 -9.4 -9.39 -9.38 -9.37 -9.38 -9.4 -9.43 -9.47 -9.54 -9.63 -9.74 -9.86 -9.98 -10.11 -10.27 -10.47 -10.72 -11 -11.26 -11.52 -11.85 -12.29 -12.89 -13.59 -15.81 -20.06 -25.02 -28.43 -30.09 -30.72 -30.55 -30.3 -30.01 -29.75 -29.56 -29.42 -29.29 -27.36 -23.8 -19.15 -16.87 -16.77 -17.4 -17.83 -18.89 -20.47 -22.34
-8.53 -8.53 -8.52 -8.53 -8.53 -8.54 -8.56 -8.59 -8.64 -8.7 -8.76 -8.82 -8.87 -8.91 -8.95 -8.96 -8.97 -8.97 -8.97 -8.98 -8.99 -9 -9.01 -9.01 -9 -8.99 -8.99 -9.01 -9.05 -9.11 -9.17 -9.24 -9.3 -9.37 -9.43 -9.47 -9.5 -9.51 -9.51 -9.51 -9.52 -9.57 -9.64 -9.73 -9.81 -9.87 -9.91 -9.95 -9.99 -10.01 -10.02 -10.03 -10.03 -10.05 -10.13 -10.3 -10.55 -10.83 -11.05 -11.19 -11.34 -11.56 -11.79 -11.99 -12.22 -12.54 -12.86 -13.1 -13.26 -13.75 -13.87 -14.02 -14.82 -15.95
-8.37 -8.38 -8.39 -8.39 -8.4 -8.41 -8.42 -8.43 -8.43 -8.43 -8.44 -8.47 -8.49 -8.52 -8.55 -8.58 -8.59 -8.6 -8.59 -8.58 -8.58 -8.58 -8.58 -8.6 -8.62 -8.65 -8.68 -8.72 -8.75 -8.8 -8.86 -8.9 -8.94 -8.96 -8.98 -9.01 -9.04 -9.08 -9.11 -9.12 -9.13 -9.15 -9.17 -9.19 -9.21 -9.25 -9.3 -9.35 -9.41 -9.46 -9.52 -9.58 -9.63 -9.67 -9.7 -9.73 -9.77 -9.8 -9.8 -9.78 -9.77 -9.8 -9.84 -9.88 -9.9 -9.91 -9.92 -9.93 -9.94 -9.94 -9.93 -9.91 -9.9 -9.87
-8.45 -8.46 -8.48 -8.5 -8.52 -8.54 -8.56 -8.58 -8.61 -8.65 -8.69 -8.74 -8.78 -8.79 -8.78 -8.76 -8.73 -8.71 -8.7 -8.69 -8.69 -8.68 -8.68 -8.7 -8.72 -8.76 -8.8 -8.84 -8.88 -8.9 -8.92 -8.94 -8.97 -9.01 -9.05 -9.09 -9.12 -9.16 -9.21 -9.26 -9.33 -9.39 -9.44 -9.48 -9.51 -9.54 -9.56 -9.56 -9.56 -9.56 -9.54 -9.52 -9.5 -9.5 -9.52 -9.56 -9.61 -9.65 -9.68 -9.7 -9.71 -9.71 -9.72 -9.73 -9.74 -9.74 -9.73 -9.71 -9.67 -9.64 -9.59 -9.51 -9.41 -9.31
-8.86 -8.89 -8.91 -8.93 -8.93 -8.9 -8.87 -8.85 -8.83 -8.81 -8.8 -8.79 -8.81 -8.84 -8.88 -8.94 -9 -9.06 -9.11 -9.14 -9.16 -9.16 -9.16 -9.16 -9.15 -9.13 -9.11 -9.1 -9.1 -9.11 -9.14 -9.18 -9.23 -9.64 -12.86 -16.18 -15.25 -10.73 -9.41 -9.42 -9.43 -9.44 -9.45 -9.46 -9.48 -9.49 -9.5 -9.51 -9.52 -9.53 -9.54 -9.56 -9.57 -9.58 -9.6 -9.62 -9.65 -9.7 -9.74 -9.77 -9.8 -9.81 -9.81 -9.8 -9.77 -9.71 -9.65 -9.6 -9.56 -9.54 -9.52 -9.5 -9.5 -9.5
-21.62 -19.83 -19.9 -21.51 -21.21 -16.86 -11.83 -9.37 -9.06 -9.11 -9.15 -9.18 -9.2 -9.21 -9.22 -9.22 -9.23 -9.25 -9.28 -9.31 -9.33 -9.35 -9.37 -9.39 -9.4 -9.41 -9.42 -9.45 -9.46 -9.47 -9.48 -9.5 -9.53 -9.56 -9.57 -9.55 -9.51 -9.46 -9.78 -9.78 -9.79 -9.78 -9.77 -9.76 -9.75 -9.38 -9.36 -9.36 -9.36 -9.36 -9.37 -9.37 -9.38 -9.38 -9.39 -9.38 -9.38 -9.37 -9.36 -9.36 -9.35 -9.34 -9.33 -9.33 -9.33 -9.32 -9.3 -9.29 -9.28 -9.3 -9.32 -9.35 -9.37 -9.41
-8.31 -8.35 -8.39 -9.65 -13.94 -19.26 -21.81 -22.28 -22.41 -22.18 -18.87 -12.99 -9.3 -8.99 -9.01 -9.04 -9.06 -9.08 -9.1 -9.12 -9.15 -9.18 -9.23 -9.29 -9.35 -9.41 -9.48 -9.56 -9.63 -9.69 -9.74 -11.16 -15.89 -21.68 -24.34 -24.67 -24.6 -24.54 -24.49 -24.45 -24.43 -23.07 -18.43 -13.08 -10.06 -9.68 -9.66 -9.63 -9.96 -9.56 -9.53 -9.51 -9.49 -9.48 -9.46 -9.44 -9.43 -9.41 -9.39 -9.38 -9.37 -9.37 -9.37 -9.37 -9.36 -9.36 -9.36 -9.37 -9.4 -9.43 -9.46 -9.48 -9.51 -9.53
