Assets/Terrain/surface400.asc
ncols 400
nrows 400
xllcorner 81600.000000000000
yllcorner 5623425.000000000000
cellsize 1975.0
NODATA_value -32768
[rows 175 to 209 of 400, columns 79 to 157 of 400]
291.0 221.0 218.0 189.0 217.0 292.0 235.0 143.0 190.0 223.0 167.0 -30.0 -41.0 -44.0 -47.0 -49.0 -51.0 -53.0 -55.0 -54.0 -53.0 -57.0 -55.0 -54.0 -57.0 -58.0 -58.0 -60.0 -61.0 -62.0 -62.0 -65.0 -63.0 -63.0 -61.0 -57.0 -57.0 -57.0 -68.0 -67.0 -66.0 -66.0 -65.0 -65.0 -63.0 -58.0 -46.0 -45.0 -46.0 -47.0 -48.0 -54.0 -52.0 -52.0 -36.0 -43.0 -55.0 -54.0 -53.0 -48.0 -57.0 -56.0 -52.0 -47.0 -56.0 -58.0 -58.0 -58.0 -56.0 -54.0 -54.0 -37.0 -33.0 -40.0 -50.0 -42.0 -39.0 -38.0 -32.0
246.0 178.0 226.0 159.0 245.0 267.0 183.0 161.0 140.0 181.0 114.0 -21.0 -35.0 -44.0 -46.0 -48.0 -50.0 -52.0 -54.0 -54.0 -53.0 -53.0 -53.0 -55.0 -55.0 -58.0 -58.0 -58.0 -61.0 -61.0 -62.0 -61.0 -65.0 -62.0 -61.0 -59.0 -60.0 -58.0 -61.0 -66.0 -68.0 -65.0 -65.0 -64.0 -63.0 -61.0 -51.0 -45.0 -40.0 -41.0 -46.0 -44.0 -52.0 -51.0 -54.0 -37.0 -38.0 -51.0 -58.0 -58.0 -48.0 -47.0 -53.0 -56.0 -55.0 -46.0 -47.0 -52.0 -56.0 -55.0 -55.0 -55.0 -53.0 -47.0 -40.0 -42.0 -41.0 -41.0 -40.0
291.0 237.0 258.0 193.0 251.0 272.0 222.0 113.0 107.0 158.0 169.0 -7.0 -29.0 -42.0 -45.0 -47.0 -49.0 -51.0 -52.0 -54.0 -53.0 -57.0 -55.0 -55.0 -56.0 -57.0 -58.0 -58.0 -59.0 -60.0 -61.0 -61.0 -61.0 -66.0 -58.0 -61.0 -60.0 -56.0 -62.0 -64.0 -66.0 -65.0 -64.0 -63.0 -64.0 -62.0 -50.0 -57.0 -48.0 -40.0 -35.0 -45.0 -46.0 -59.0 -58.0 -57.0 -49.0 -35.0 -48.0 -59.0 -60.0 -54.0 -40.0 -42.0 -53.0 -58.0 -54.0 -54.0 -56.0 -55.0 -55.0 -55.0 -55.0 -53.0 -49.0 -46.0 -43.0 -42.0 -40.0
229.0 212.0 131.0 181.0 215.0 228.0 162.0 161.0 218.0 84.0 137.0 31.0 -23.0 -36.0 -44.0 -46.0 -49.0 -50.0 -51.0 -52.0 -54.0 -53.0 -54.0 -56.0 -55.0 -55.0 -58.0 -58.0 -58.0 -59.0 -60.0 -60.0 -59.0 -61.0 -64.0 -59.0 -60.0 -57.0 -60.0 -62.0 -64.0 -65.0 -62.0 -60.0 -61.0 -61.0 -45.0 -44.0 -60.0 -48.0 -49.0 -40.0 -40.0 -44.0 -55.0 -54.0 -58.0 -54.0 -42.0 -49.0 -62.0 -58.0 -57.0 -47.0 -38.0 -39.0 -49.0 -49.0 -55.0 -47.0 -44.0 -51.0 -54.0 -54.0 -52.0 -48.0 -46.0 -44.0 -40.0
170.0 162.0 209.0 205.0 223.0 147.0 135.0 168.0 149.0 188.0 86.0 56.0 -15.0 -28.0 -38.0 -45.0 -47.0 -50.0 -50.0 -51.0 -54.0 -53.0 -54.0 -54.0 -54.0 -54.0 -55.0 -57.0 -58.0 -58.0 -58.0 -60.0 -61.0 -60.0 -64.0 -67.0 -56.0 -56.0 -59.0 -57.0 -62.0 -63.0 -62.0 -59.0 -58.0 -55.0 -65.0 -49.0 -31.0 -53.0 -54.0 -52.0 -38.0 -36.0 -40.0 -46.0 -48.0 -60.0 -59.0 -52.0 -48.0 -56.0 -58.0 -57.0 -53.0 -44.0 -35.0 -38.0 -44.0 -53.0 -55.0 -53.0 -45.0 -44.0 -50.0 -49.0 -47.0 -44.0 -43.0
175.0 158.0 167.0 173.0 129.0 206.0 148.0 164.0 121.0 142.0 94.0 38.0 -8.0 -23.0 -33.0 -43.0 -46.0 -49.0 -50.0 -50.0 -52.0 -53.0 -54.0 -54.0 -54.0 -55.0 -55.0 -55.0 -55.0 -56.0 -56.0 -57.0 -57.0 -56.0 -58.0 -65.0 -64.0 -56.0 -58.0 -55.0 -59.0 -61.0 -60.0 -57.0 -56.0 -53.0 -53.0 -59.0 -55.0 -37.0 -45.0 -59.0 -58.0 -43.0 -33.0 -39.0 -39.0 -41.0 -60.0 -58.0 -58.0 -51.0 -55.0 -59.0 -58.0 -57.0 -52.0 -47.0 -36.0 -36.0 -41.0 -51.0 -54.0 -51.0 -49.0 -50.0 -48.0 -45.0 -43.0
135.0 113.0 118.0 177.0 220.0 237.0 230.0 220.0 195.0 156.0 61.0 58.0 0.0 -18.0 -24.0 -38.0 -45.0 -47.0 -49.0 -49.0 -51.0 -53.0 -54.0 -54.0 -54.0 -54.0 -53.0 -55.0 -54.0 -55.0 -54.0 -55.0 -56.0 -55.0 -57.0 -63.0 -63.0 -60.0 -58.0 -60.0 -59.0 -59.0 -60.0 -56.0 -56.0 -56.0 -51.0 -36.0 -57.0 -57.0 -39.0 -34.0 -60.0 -57.0 -46.0 -30.0 -35.0 -35.0 -37.0 -54.0 -54.0 -61.0 -55.0 -56.0 -55.0 -56.0 -55.0 -54.0 -54.0 -50.0 -49.0 -45.0 -35.0 -44.0 -48.0 -49.0 -48.0 -44.0 -41.0
78.0 76.0 56.0 169.0 167.0 221.0 207.0 190.0 151.0 117.0 157.0 85.0 0.0 -14.0 -19.0 -28.0 -41.0 -47.0 -48.0 -49.0 -50.0 -51.0 -53.0 -53.0 -52.0 -53.0 -53.0 -54.0 -54.0 -54.0 -54.0 -54.0 -56.0 -56.0 -55.0 -58.0 -62.0 -63.0 -59.0 -59.0 -60.0 -60.0 -59.0 -47.0 -42.0 -56.0 -63.0 -61.0 -39.0 -52.0 -55.0 -45.0 -42.0 -55.0 -52.0 -48.0 -32.0 -35.0 -36.0 -35.0 -46.0 -44.0 -56.0 -55.0 -50.0 -48.0 -53.0 -53.0 -52.0 -51.0 -51.0 -52.0 -50.0 -49.0 -49.0 -48.0 -48.0 -45.0 -43.0
31.0 71.0 105.0 82.0 180.0 172.0 162.0 143.0 90.0 78.0 75.0 113.0 80.0 -10.0 -16.0 -24.0 -33.0 -43.0 -48.0 -48.0 -50.0 -51.0 -52.0 -53.0 -52.0 -52.0 -53.0 -55.0 -55.0 -55.0 -54.0 -54.0 -55.0 -55.0 -57.0 -58.0 -58.0 -62.0 -61.0 -59.0 -59.0 -58.0 -58.0 -56.0 -49.0 -33.0 -54.0 -63.0 -62.0 -46.0 -39.0 -51.0 -51.0 -51.0 -46.0 -51.0 -46.0 -39.0 -42.0 -45.0 -31.0 -39.0 -37.0 -49.0 -56.0 -52.0 -47.0 -47.0 -46.0 -47.0 -38.0 -39.0 -43.0 -46.0 -47.0 -49.0 -46.0 -45.0 -44.0
26.0 24.0 37.0 56.0 54.0 62.0 110.0 86.0 57.0 31.0 27.0 47.0 57.0 0.0 -14.0 -17.0 -34.0 -43.0 -47.0 -48.0 -49.0 -50.0 -51.0 -51.0 -52.0 -52.0 -53.0 -55.0 -55.0 -55.0 -54.0 -55.0 -54.0 -55.0 -58.0 -57.0 -58.0 -60.0 -62.0 -61.0 -59.0 -59.0 -58.0 -58.0 -56.0 -49.0 -41.0 -51.0 -65.0 -64.0 -56.0 -43.0 -44.0 -50.0 -48.0 -44.0 -48.0 -40.0 -43.0 -52.0 -41.0 -30.0 -40.0 -34.0 -41.0 -55.0 -46.0 -44.0 -43.0 -47.0 -50.0 -50.0 -49.0 -47.0 -39.0 -43.0 -46.0 -44.0 -43.0
22.0 21.0 23.0 21.0 22.0 22.0 21.0 26.0 27.0 22.0 25.0 26.0 29.0 34.0 70.0 -8.0 -13.0 -36.0 -44.0 -47.0 -49.0 -50.0 -50.0 -51.0 -51.0 -53.0 -53.0 -54.0 -55.0 -55.0 -54.0 -55.0 -54.0 -55.0 -56.0 -57.0 -55.0 -58.0 -60.0 -60.0 -59.0 -59.0 -57.0 -52.0 -56.0 -56.0 -58.0 -49.0 -48.0 -57.0 -62.0 -58.0 -53.0 -49.0 -53.0 -53.0 -46.0 -51.0 -41.0 -47.0 -54.0 -42.0 -36.0 -38.0 -31.0 -37.0 -52.0 -48.0 -49.0 -42.0 -37.0 -42.0 -45.0 -47.0 -49.0 -46.0 -46.0 -43.0 -42.0
22.0 20.0 20.0 20.0 21.0 19.0 21.0 21.0 21.0 23.0 23.0 25.0 24.0 27.0 30.0 31.0 0.0 -28.0 -37.0 -42.0 -46.0 -49.0 -50.0 -50.0 -51.0 -52.0 -53.0 -54.0 -55.0 -55.0 -55.0 -54.0 -54.0 -57.0 -54.0 -56.0 -58.0 -56.0 -57.0 -61.0 -58.0 -57.0 -57.0 -48.0 -52.0 -52.0 -51.0 -58.0 -57.0 -55.0 -53.0 -57.0 -59.0 -58.0 -58.0 -54.0 -55.0 -52.0 -54.0 -52.0 -58.0 -52.0 -44.0 -48.0 -42.0 -28.0 -33.0 -45.0 -47.0 -50.0 -50.0 -41.0 -35.0 -38.0 -37.0 -43.0 -46.0 -43.0 -42.0
19.0 20.0 19.0 21.0 20.0 22.0 24.0 21.0 23.0 34.0 74.0 146.0 139.0 126.0 43.0 31.0 -7.0 -20.0 -29.0 -34.0 -38.0 -42.0 -48.0 -50.0 -51.0 -52.0 -53.0 -54.0 -55.0 -55.0 -55.0 -54.0 -55.0 -56.0 -53.0 -55.0 -57.0 -56.0 -55.0 -57.0 -61.0 -57.0 -57.0 -53.0 -41.0 -46.0 -44.0 -36.0 -58.0 -54.0 -56.0 -55.0 -55.0 -58.0 -58.0 -58.0 -54.0 -56.0 -55.0 -57.0 -57.0 -53.0 -53.0 -49.0 -50.0 -42.0 -27.0 -30.0 -36.0 -41.0 -46.0 -49.0 -48.0 -45.0 -41.0 -34.0 -34.0 -41.0 -42.0
21.0 21.0 20.0 29.0 36.0 43.0 69.0 55.0 55.0 158.0 164.0 143.0 144.0 104.0 60.0 43.0 -3.0 -11.0 -23.0 -28.0 -42.0 -48.0 -46.0 -48.0 -50.0 -51.0 -52.0 -52.0 -53.0 -54.0 -54.0 -54.0 -54.0 -54.0 -55.0 -55.0 -56.0 -55.0 -55.0 -56.0 -58.0 -55.0 -59.0 -58.0 -46.0 -44.0 -47.0 -44.0 -46.0 -40.0 -55.0 -56.0 -46.0 -52.0 -52.0 -55.0 -54.0 -54.0 -56.0 -55.0 -60.0 -59.0 -57.0 -58.0 -56.0 -51.0 -45.0 -29.0 -27.0 -30.0 -35.0 -39.0 -48.0 -46.0 -45.0 -42.0 -35.0 -32.0 -33.0
22.0 17.0 31.0 42.0 72.0 177.0 174.0 131.0 125.0 136.0 136.0 101.0 78.0 95.0 87.0 109.0 58.0 -6.0 -16.0 -25.0 -35.0 -45.0 -44.0 -47.0 -48.0 -49.0 -51.0 -51.0 -52.0 -55.0 -54.0 -54.0 -54.0 -55.0 -54.0 -54.0 -55.0 -55.0 -56.0 -54.0 -57.0 -60.0 -56.0 -57.0 -50.0 -45.0 -46.0 -48.0 -48.0 -52.0 -46.0 -45.0 -51.0 -54.0 -50.0 -52.0 -52.0 -54.0 -55.0 -55.0 -57.0 -58.0 -59.0 -60.0 -61.0 -57.0 -54.0 -46.0 -32.0 -26.0 -26.0 -31.0 -35.0 -45.0 -46.0 -42.0 -41.0 -38.0 -29.0
24.0 23.0 47.0 70.0 65.0 83.0 125.0 130.0 111.0 82.0 71.0 70.0 57.0 62.0 86.0 92.0 94.0 104.0 103.0 -20.0 -23.0 -32.0 -42.0 -45.0 -48.0 -49.0 -49.0 -50.0 -51.0 -49.0 -53.0 -56.0 -53.0 -54.0 -54.0 -55.0 -55.0 -55.0 -55.0 -53.0 -54.0 -55.0 -52.0 -56.0 -53.0 -44.0 -39.0 -48.0 -45.0 -50.0 -53.0 -54.0 -55.0 -52.0 -52.0 -52.0 -53.0 -53.0 -53.0 -55.0 -56.0 -57.0 -58.0 -63.0 -66.0 -66.0 -62.0 -60.0 -47.0 -39.0 -31.0 -24.0 -29.0 -31.0 -40.0 -42.0 -41.0 -37.0 -36.0
43.0 55.0 60.0 187.0 169.0 143.0 109.0 83.0 86.0 66.0 95.0 77.0 71.0 41.0 57.0 75.0 86.0 102.0 77.0 87.0 -7.0 -20.0 -33.0 -43.0 -48.0 -48.0 -49.0 -51.0 -50.0 -50.0 -53.0 -58.0 -53.0 -53.0 -53.0 -55.0 -53.0 -54.0 -55.0 -51.0 -51.0 -56.0 -57.0 -53.0 -52.0 -45.0 -43.0 -43.0 -40.0 -43.0 -47.0 -51.0 -52.0 -55.0 -51.0 -53.0 -53.0 -54.0 -54.0 -54.0 -56.0 -57.0 -61.0 -59.0 -69.0 -75.0 -70.0 -67.0 -65.0 -51.0 -46.0 -45.0 -26.0 -33.0 -29.0 -37.0 -38.0 -38.0 -38.0
46.0 76.0 55.0 120.0 174.0 108.0 89.0 118.0 85.0 130.0 159.0 123.0 104.0 57.0 42.0 72.0 71.0 84.0 67.0 52.0 41.0 -1.0 -26.0 -37.0 -44.0 -47.0 -49.0 -50.0 -52.0 -52.0 -52.0 -55.0 -55.0 -53.0 -53.0 -54.0 -53.0 -54.0 -54.0 -53.0 -50.0 -49.0 -55.0 -56.0 -56.0 -55.0 -44.0 -48.0 -41.0 -41.0 -45.0 -48.0 -49.0 -45.0 -33.0 -50.0 -54.0 -53.0 -53.0 -53.0 -54.0 -54.0 -54.0 -58.0 -60.0 -75.0 -78.0 -70.0 -72.0 -68.0 -58.0 -52.0 -53.0 -34.0 -38.0 -36.0 -35.0 -38.0 -38.0
43.0 62.0 120.0 132.0 135.0 143.0 116.0 149.0 154.0 120.0 123.0 108.0 92.0 74.0 54.0 58.0 55.0 41.0 35.0 9.0 0.0 -12.0 -23.0 -33.0 -42.0 -46.0 -47.0 -49.0 -50.0 -51.0 -52.0 -52.0 -52.0 -51.0 -51.0 -51.0 -51.0 -53.0 -54.0 -53.0 -49.0 -50.0 -53.0 -53.0 -53.0 -56.0 -47.0 -48.0 -49.0 -47.0 -40.0 -46.0 -49.0 -49.0 -50.0 -47.0 -51.0 -51.0 -52.0 -51.0 -52.0 -53.0 -53.0 -55.0 -57.0 -63.0 -65.0 -77.0 -69.0 -71.0 -73.0 -65.0 -61.0 -62.0 -35.0 -39.0 -38.0 -38.0 -39.0
133.0 104.0 181.0 179.0 195.0 154.0 115.0 168.0 127.0 132.0 78.0 92.0 82.0 47.0 79.0 77.0 65.0 17.0 -1.0 -6.0 -10.0 -7.0 -20.0 -29.0 -40.0 -44.0 -45.0 -46.0 -47.0 -49.0 -52.0 -50.0 -50.0 -51.0 -52.0 -51.0 -51.0 -51.0 -52.0 -50.0 -47.0 -48.0 -50.0 -50.0 -52.0 -54.0 -54.0 -46.0 -50.0 -51.0 -47.0 -45.0 -44.0 -48.0 -52.0 -51.0 -43.0 -48.0 -52.0 -53.0 -50.0 -51.0 -53.0 -53.0 -52.0 -59.0 -60.0 -69.0 -74.0 -71.0 -74.0 -74.0 -75.0 -68.0 -72.0 -55.0 -41.0 -38.0 -40.0
233.0 220.0 205.0 161.0 187.0 124.0 143.0 111.0 114.0 143.0 90.0 83.0 27.0 65.0 31.0 23.0 10.0 12.0 -6.0 -7.0 -3.0 -15.0 -22.0 -27.0 -35.0 -42.0 -44.0 -45.0 -48.0 -48.0 -52.0 -50.0 -51.0 -51.0 -51.0 -50.0 -51.0 -51.0 -52.0 -51.0 -47.0 -45.0 -50.0 -53.0 -50.0 -44.0 -52.0 -49.0 -33.0 -47.0 -50.0 -47.0 -46.0 -44.0 -47.0 -49.0 -50.0 -45.0 -45.0 -51.0 -50.0 -50.0 -51.0 -52.0 -51.0 -50.0 -49.0 -58.0 -79.0 -72.0 -70.0 -69.0 -75.0 -78.0 -79.0 -79.0 -55.0 -50.0 -55.0
177.0 171.0 187.0 105.0 86.0 94.0 145.0 139.0 97.0 66.0 83.0 42.0 42.0 25.0 12.0 10.0 8.0 0.0 -6.0 -5.0 -5.0 -15.0 -21.0 -26.0 -34.0 -39.0 -44.0 -45.0 -46.0 -48.0 -51.0 -50.0 -51.0 -50.0 -51.0 -50.0 -51.0 -50.0 -51.0 -50.0 -49.0 -45.0 -46.0 -51.0 -54.0 -51.0 -46.0 -51.0 -50.0 -45.0 -38.0 -44.0 -46.0 -43.0 -41.0 -42.0 -48.0 -46.0 -46.0 -44.0 -46.0 -48.0 -47.0 -47.0 -48.0 -49.0 -48.0 -48.0 -55.0 -76.0 -71.0 -68.0 -73.0 -81.0 -80.0 -83.0 -92.0 -81.0 -71.0
104.0 234.0 213.0 180.0 143.0 69.0 56.0 40.0 67.0 72.0 51.0 51.0 31.0 11.0 14.0 6.0 5.0 -1.0 -7.0 -6.0 -6.0 -16.0 -20.0 -23.0 -32.0 -38.0 -38.0 -48.0 -47.0 -49.0 -50.0 -51.0 -50.0 -50.0 -51.0 -50.0 -50.0 -51.0 -50.0 -49.0 -48.0 -45.0 -45.0 -46.0 -51.0 -51.0 -48.0 -51.0 -53.0 -50.0 -47.0 -45.0 -44.0 -44.0 -43.0 -42.0 -43.0 -45.0 -46.0 -46.0 -46.0 -46.0 -47.0 -46.0 -45.0 -47.0 -47.0 -46.0 -48.0 -52.0 -79.0 -69.0 -69.0 -73.0 -82.0 -80.0 -92.0 -93.0 -85.0
222.0 230.0 213.0 205.0 104.0 98.0 68.0 41.0 42.0 27.0 31.0 29.0 10.0 10.0 8.0 11.0 6.0 -2.0 -8.0 -7.0 -8.0 -16.0 -19.0 -22.0 -30.0 -37.0 -42.0 -45.0 -45.0 -50.0 -49.0 -51.0 -51.0 -50.0 -50.0 -51.0 -51.0 -51.0 -49.0 -48.0 -48.0 -46.0 -44.0 -46.0 -48.0 -50.0 -49.0 -48.0 -49.0 -50.0 -48.0 -46.0 -45.0 -43.0 -42.0 -43.0 -41.0 -42.0 -43.0 -43.0 -44.0 -44.0 -45.0 -45.0 -45.0 -46.0 -45.0 -46.0 -45.0 -47.0 -64.0 -74.0 -75.0 -70.0 -70.0 -73.0 -76.0 -78.0 -78.0
178.0 231.0 132.0 179.0 132.0 119.0 113.0 73.0 35.0 22.0 16.0 7.0 4.0 5.0 8.0 4.0 8.0 0.0 -9.0 -8.0 -9.0 -16.0 -17.0 -21.0 -27.0 -35.0 -39.0 -38.0 -46.0 -50.0 -51.0 -52.0 -51.0 -50.0 -51.0 -51.0 -51.0 -51.0 -50.0 -47.0 -47.0 -46.0 -45.0 -47.0 -48.0 -48.0 -49.0 -49.0 -49.0 -49.0 -48.0 -45.0 -44.0 -42.0 -41.0 -42.0 -42.0 -41.0 -42.0 -41.0 -41.0 -41.0 -43.0 -43.0 -43.0 -43.0 -44.0 -43.0 -44.0 -45.0 -47.0 -53.0 -70.0 -75.0 -72.0 -70.0 -71.0 -69.0 -70.0
119.0 194.0 192.0 155.0 133.0 114.0 92.0 51.0 23.0 17.0 11.0 10.0 4.0 4.0 8.0 4.0 13.0 9.0 -11.0 -10.0 -10.0 -16.0 -17.0 -20.0 -27.0 -33.0 -31.0 -34.0 -42.0 -48.0 -48.0 -50.0 -50.0 -49.0 -50.0 -51.0 -50.0 -50.0 -49.0 -47.0 -44.0 -47.0 -46.0 -45.0 -47.0 -47.0 -47.0 -48.0 -48.0 -49.0 -48.0 -46.0 -44.0 -42.0 -40.0 -38.0 -42.0 -41.0 -40.0 -40.0 -40.0 -38.0 -39.0 -41.0 -40.0 -40.0 -40.0 -40.0 -40.0 -40.0 -39.0 -38.0 -39.0 -51.0 -66.0 -72.0 -75.0 -74.0 -75.0
56.0 88.0 170.0 134.0 124.0 88.0 54.0 36.0 29.0 20.0 14.0 6.0 6.0 4.0 4.0 11.0 15.0 15.0 -11.0 -12.0 -11.0 -15.0 -17.0 -20.0 -23.0 -27.0 -31.0 -32.0 -38.0 -47.0 -50.0 -50.0 -50.0 -51.0 -49.0 -50.0 -49.0 -49.0 -49.0 -46.0 -42.0 -45.0 -46.0 -45.0 -46.0 -45.0 -47.0 -47.0 -48.0 -48.0 -48.0 -46.0 -44.0 -42.0 -40.0 -38.0 -39.0 -40.0 -39.0 -40.0 -39.0 -39.0 -39.0 -38.0 -39.0 -39.0 -38.0 -37.0 -37.0 -38.0 -37.0 -36.0 -35.0 -34.0 -36.0 -40.0 -48.0 -61.0 -71.0
82.0 115.0 89.0 76.0 116.0 80.0 67.0 39.0 26.0 31.0 6.0 5.0 6.0 -1.0 7.0 15.0 16.0 15.0 -8.0 -10.0 -13.0 -15.0 -16.0 -18.0 -22.0 -27.0 -29.0 -34.0 -36.0 -44.0 -49.0 -49.0 -49.0 -50.0 -49.0 -50.0 -50.0 -48.0 -49.0 -46.0 -44.0 -43.0 -46.0 -45.0 -47.0 -46.0 -47.0 -47.0 -47.0 -47.0 -48.0 -47.0 -44.0 -42.0 -40.0 -38.0 -37.0 -39.0 -39.0 -40.0 -39.0 -37.0 -37.0 -39.0 -38.0 -38.0 -38.0 -37.0 -35.0 -36.0 -36.0 -36.0 -34.0 -33.0 -32.0 -33.0 -34.0 -38.0 -41.0
30.0 46.0 83.0 150.0 118.0 92.0 56.0 45.0 27.0 12.0 6.0 2.0 2.0 0.0 10.0 18.0 22.0 10.0 -3.0 -11.0 -12.0 -14.0 -15.0 -17.0 -22.0 -25.0 -27.0 -31.0 -34.0 -43.0 -47.0 -48.0 -47.0 -48.0 -48.0 -49.0 -49.0 -48.0 -47.0 -45.0 -46.0 -41.0 -43.0 -44.0 -45.0 -45.0 -47.0 -47.0 -46.0 -46.0 -46.0 -47.0 -45.0 -41.0 -40.0 -38.0 -35.0 -36.0 -38.0 -39.0 -39.0 -38.0 -38.0 -37.0 -37.0 -37.0 -38.0 -38.0 -36.0 -35.0 -35.0 -36.0 -35.0 -34.0 -32.0 -31.0 -32.0 -34.0 -36.0
19.0 30.0 103.0 78.0 112.0 69.0 43.0 32.0 18.0 20.0 3.0 2.0 0.0 4.0 13.0 13.0 21.0 19.0 15.0 -10.0 -13.0 -13.0 -14.0 -17.0 -21.0 -23.0 -26.0 -29.0 -29.0 -40.0 -45.0 -47.0 -45.0 -47.0 -48.0 -48.0 -49.0 -49.0 -47.0 -43.0 -44.0 -40.0 -40.0 -45.0 -42.0 -43.0 -44.0 -44.0 -48.0 -45.0 -45.0 -45.0 -45.0 -42.0 -39.0 -38.0 -36.0 -33.0 -36.0 -37.0 -39.0 -39.0 -38.0 -37.0 -37.0 -35.0 -38.0 -38.0 -37.0 -35.0 -35.0 -35.0 -36.0 -35.0 -35.0 -31.0 -31.0 -32.0 -35.0
14.0 23.0 32.0 101.0 104.0 74.0 49.0 40.0 18.0 10.0 5.0 1.0 0.0 2.0 5.0 7.0 17.0 2.0 11.0 -9.0 -12.0 -13.0 -13.0 -16.0 -20.0 -24.0 -26.0 -29.0 -35.0 -32.0 -43.0 -45.0 -44.0 -45.0 -47.0 -45.0 -46.0 -48.0 -45.0 -42.0 -43.0 -36.0 -39.0 -41.0 -40.0 -41.0 -40.0 -42.0 -44.0 -45.0 -44.0 -45.0 -44.0 -43.0 -39.0 -37.0 -37.0 -35.0 -33.0 -35.0 -35.0 -38.0 -38.0 -37.0 -37.0 -36.0 -35.0 -36.0 -36.0 -37.0 -35.0 -35.0 -36.0 -34.0 -35.0 -35.0 -30.0 -30.0 -35.0
8.0 14.0 25.0 50.0 86.0 72.0 57.0 42.0 31.0 12.0 4.0 3.0 -1.0 -1.0 4.0 9.0 15.0 14.0 15.0 -4.0 -11.0 -12.0 -13.0 -14.0 -19.0 -20.0 -25.0 -28.0 -34.0 -30.0 -40.0 -42.0 -43.0 -45.0 -45.0 -44.0 -44.0 -45.0 -46.0 -44.0 -39.0 -41.0 -40.0 -38.0 -39.0 -38.0 -38.0 -41.0 -41.0 -46.0 -44.0 -44.0 -44.0 -41.0 -39.0 -36.0 -35.0 -35.0 -35.0 -32.0 -34.0 -35.0 -37.0 -37.0 -36.0 -35.0 -35.0 -36.0 -36.0 -36.0 -35.0 -35.0 -35.0 -36.0 -35.0 -32.0 -30.0 -30.0 -31.0
10.0 9.0 15.0 35.0 128.0 123.0 86.0 50.0 35.0 18.0 3.0 2.0 2.0 3.0 3.0 17.0 3.0 18.0 14.0 0.0 -11.0 -11.0 -12.0 -13.0 -18.0 -22.0 -24.0 -26.0 -29.0 -30.0 -34.0 -40.0 -40.0 -43.0 -44.0 -42.0 -42.0 -43.0 -43.0 -44.0 -40.0 -40.0 -42.0 -39.0 -40.0 -38.0 -39.0 -40.0 -41.0 -43.0 -42.0 -43.0 -43.0 -43.0 -40.0 -36.0 -33.0 -34.0 -35.0 -33.0 -31.0 -33.0 -33.0 -34.0 -35.0 -36.0 -35.0 -33.0 -35.0 -34.0 -35.0 -34.0 -34.0 -34.0 -31.0 -31.0 -31.0 -29.0 -30.0
33.0 8.0 13.0 31.0 75.0 126.0 99.0 71.0 46.0 31.0 9.0 1.0 1.0 4.0 4.0 15.0 14.0 9.0 10.0 15.0 -8.0 -10.0 -11.0 -14.0 -16.0 -19.0 -25.0 -25.0 -27.0 -27.0 -31.0 -38.0 -39.0 -45.0 -42.0 -40.0 -41.0 -42.0 -42.0 -42.0 -39.0 -38.0 -38.0 -37.0 -37.0 -38.0 -39.0 -39.0 -42.0 -41.0 -42.0 -42.0 -43.0 -43.0 -43.0 -37.0 -34.0 -31.0 -33.0 -33.0 -32.0 -31.0 -33.0 -33.0 -32.0 -35.0 -33.0 -34.0 -33.0 -33.0 -33.0 -33.0 -32.0 -32.0 -31.0 -31.0 -32.0 -32.0 -30.0
8.0 4.0 11.0 49.0 71.0 89.0 103.0 94.0 60.0 37.0 7.0 1.0 1.0 2.0 2.0 15.0 22.0 6.0 6.0 12.0 0.0 -10.0 -10.0 -13.0 -16.0 -20.0 -21.0 -24.0 -26.0 -26.0 -30.0 -38.0 -38.0 -38.0 -40.0 -40.0 -39.0 -38.0 -39.0 -41.0 -38.0 -37.0 -36.0 -36.0 -35.0 -38.0 -38.0 -35.0 -38.0 -40.0 -41.0 -41.0 -43.0 -41.0 -42.0 -40.0 -35.0 -33.0 -31.0 -32.0 -32.0 -31.0 -30.0 -30.0 -31.0 -32.0 -32.0 -33.0 -32.0 -31.0 -32.0 -33.0 -31.0 -32.0 -31.0 -30.0 -31.0 -31.0 -29.0
