Assets/Terrain/surface400.asc
ncols 400
nrows 400
xllcorner 81600.000000000000
yllcorner 5623425.000000000000
cellsize 1975.0
NODATA_value -32768
[rows 0 to 34 of 400, columns 237 to 315 of 400]
-61.0 -62.0 -61.0 -60.0 -54.0 -55.0 -53.0 -53.0 -52.0 -52.0 -53.0 -57.0 -57.0 -56.0 -51.0 -50.0 -52.0 -60.0 -67.0 -63.0 -60.0 -59.0 -58.0 -57.0 -58.0 -57.0 -54.0 -56.0 -56.0 -63.0 -65.0 -66.0 -67.0 -66.0 -69.0 -66.0 -65.0 -68.0 -70.0 -68.0 -70.0 -69.0 -71.0 -74.0 -75.0 -74.0 -75.0 -71.0 -71.0 -70.0 -69.0 -70.0 -69.0 -69.0 -70.0 -71.0 -70.0 -71.0 -69.0 -69.0 -70.0 -70.0 -68.0 -66.0 -68.0 -68.0 -68.0 -66.0 -64.0 -61.0 -61.0 -60.0 -60.0 -60.0 -61.0 -60.0 -60.0 -58.0 -57.0
-64.0 -61.0 -56.0 -58.0 -55.0 -55.0 -53.0 -55.0 -50.0 -51.0 -55.0 -57.0 -59.0 -56.0 -56.0 -56.0 -55.0 -62.0 -64.0 -65.0 -58.0 -56.0 -57.0 -54.0 -53.0 -56.0 -57.0 -56.0 -55.0 -57.0 -60.0 -63.0 -65.0 -67.0 -68.0 -68.0 -69.0 -70.0 -70.0 -71.0 -72.0 -73.0 -69.0 -68.0 -70.0 -73.0 -72.0 -73.0 -72.0 -71.0 -69.0 -69.0 -67.0 -69.0 -67.0 -68.0 -68.0 -68.0 -67.0 -67.0 -67.0 -66.0 -67.0 -67.0 -66.0 -68.0 -66.0 -65.0 -62.0 -60.0 -61.0 -62.0 -62.0 -61.0 -59.0 -61.0 -61.0 -58.0 -60.0
-62.0 -58.0 -59.0 -57.0 -56.0 -56.0 -54.0 -54.0 -52.0 -54.0 -56.0 -57.0 -62.0 -57.0 -58.0 -58.0 -55.0 -63.0 -59.0 -59.0 -58.0 -57.0 -57.0 -55.0 -56.0 -54.0 -53.0 -51.0 -52.0 -55.0 -58.0 -59.0 -59.0 -63.0 -64.0 -63.0 -65.0 -66.0 -68.0 -68.0 -71.0 -71.0 -72.0 -71.0 -71.0 -71.0 -71.0 -71.0 -72.0 -73.0 -69.0 -69.0 -68.0 -67.0 -67.0 -68.0 -67.0 -67.0 -65.0 -67.0 -67.0 -65.0 -64.0 -66.0 -67.0 -64.0 -64.0 -57.0 -60.0 -60.0 -60.0 -60.0 -62.0 -62.0 -58.0 -59.0 -59.0 -59.0 -58.0
-62.0 -59.0 -56.0 -54.0 -54.0 -51.0 -52.0 -51.0 -53.0 -54.0 -55.0 -61.0 -64.0 -65.0 -56.0 -56.0 -60.0 -64.0 -59.0 -60.0 -57.0 -56.0 -55.0 -53.0 -52.0 -53.0 -51.0 -54.0 -53.0 -52.0 -53.0 -56.0 -55.0 -60.0 -64.0 -65.0 -66.0 -66.0 -67.0 -69.0 -68.0 -67.0 -66.0 -65.0 -64.0 -67.0 -68.0 -68.0 -69.0 -72.0 -69.0 -68.0 -68.0 -69.0 -68.0 -67.0 -64.0 -65.0 -66.0 -64.0 -66.0 -65.0 -63.0 -66.0 -63.0 -62.0 -54.0 -59.0 -60.0 -58.0 -58.0 -58.0 -60.0 -61.0 -59.0 -58.0 -58.0 -57.0 -54.0
-60.0 -58.0 -54.0 -54.0 -52.0 -52.0 -54.0 -52.0 -53.0 -53.0 -58.0 -62.0 -61.0 -61.0 -55.0 -54.0 -62.0 -64.0 -59.0 -57.0 -57.0 -53.0 -54.0 -55.0 -55.0 -55.0 -51.0 -54.0 -55.0 -51.0 -51.0 -53.0 -54.0 -52.0 -57.0 -62.0 -63.0 -65.0 -68.0 -69.0 -67.0 -68.0 -69.0 -70.0 -70.0 -68.0 -68.0 -70.0 -69.0 -67.0 -69.0 -71.0 -71.0 -69.0 -68.0 -67.0 -67.0 -67.0 -65.0 -65.0 -66.0 -66.0 -67.0 -66.0 -58.0 -52.0 -60.0 -60.0 -57.0 -56.0 -56.0 -59.0 -59.0 -57.0 -57.0 -57.0 -55.0 -54.0 -51.0
-62.0 -58.0 -55.0 -54.0 -53.0 -53.0 -51.0 -53.0 -54.0 -54.0 -58.0 -60.0 -62.0 -59.0 -59.0 -59.0 -62.0 -59.0 -59.0 -55.0 -56.0 -56.0 -52.0 -53.0 -57.0 -58.0 -56.0 -56.0 -51.0 -51.0 -52.0 -53.0 -53.0 -53.0 -51.0 -51.0 -54.0 -61.0 -63.0 -65.0 -67.0 -65.0 -65.0 -64.0 -65.0 -65.0 -66.0 -66.0 -67.0 -68.0 -68.0 -67.0 -68.0 -68.0 -66.0 -66.0 -66.0 -66.0 -65.0 -66.0 -66.0 -67.0 -63.0 -55.0 -51.0 -61.0 -61.0 -60.0 -58.0 -57.0 -57.0 -56.0 -56.0 -54.0 -54.0 -52.0 -50.0 -47.0 -44.0
-62.0 -57.0 -55.0 -55.0 -54.0 -52.0 -53.0 -51.0 -52.0 -53.0 -59.0 -59.0 -59.0 -59.0 -57.0 -59.0 -62.0 -58.0 -59.0 -57.0 -55.0 -54.0 -53.0 -53.0 -57.0 -56.0 -55.0 -52.0 -54.0 -53.0 -53.0 -49.0 -52.0 -51.0 -52.0 -51.0 -50.0 -51.0 -62.0 -63.0 -62.0 -64.0 -64.0 -64.0 -65.0 -66.0 -67.0 -68.0 -69.0 -69.0 -69.0 -66.0 -65.0 -65.0 -65.0 -64.0 -63.0 -64.0 -65.0 -66.0 -66.0 -60.0 -49.0 -55.0 -61.0 -59.0 -55.0 -56.0 -56.0 -56.0 -56.0 -54.0 -54.0 -52.0 -48.0 -44.0 -41.0 -37.0 -34.0
-62.0 -61.0 -57.0 -57.0 -54.0 -53.0 -52.0 -52.0 -52.0 -59.0 -62.0 -61.0 -59.0 -64.0 -63.0 -62.0 -64.0 -56.0 -56.0 -55.0 -58.0 -56.0 -56.0 -52.0 -51.0 -53.0 -49.0 -53.0 -54.0 -54.0 -52.0 -53.0 -50.0 -53.0 -52.0 -50.0 -48.0 -49.0 -49.0 -53.0 -56.0 -58.0 -59.0 -61.0 -62.0 -64.0 -65.0 -64.0 -64.0 -64.0 -62.0 -60.0 -60.0 -59.0 -59.0 -60.0 -63.0 -64.0 -66.0 -65.0 -59.0 -48.0 -49.0 -56.0 -60.0 -55.0 -55.0 -56.0 -57.0 -56.0 -55.0 -52.0 -48.0 -49.0 -40.0 -36.0 -34.0 -30.0 -24.0
-61.0 -61.0 -61.0 -59.0 -57.0 -55.0 -53.0 -52.0 -54.0 -61.0 -64.0 -62.0 -63.0 -60.0 -65.0 -65.0 -62.0 -60.0 -55.0 -54.0 -54.0 -54.0 -54.0 -50.0 -47.0 -44.0 -47.0 -50.0 -54.0 -53.0 -52.0 -54.0 -54.0 -47.0 -48.0 -47.0 -51.0 -51.0 -49.0 -49.0 -51.0 -51.0 -51.0 -56.0 -60.0 -61.0 -61.0 -60.0 -57.0 -56.0 -58.0 -60.0 -57.0 -54.0 -57.0 -60.0 -63.0 -63.0 -62.0 -57.0 -52.0 -55.0 -50.0 -56.0 -61.0 -55.0 -57.0 -59.0 -57.0 -53.0 -53.0 -50.0 -48.0 -42.0 -35.0 -31.0 -30.0 -27.0 -24.0
-61.0 -61.0 -62.0 -60.0 -60.0 -60.0 -58.0 -55.0 -59.0 -65.0 -67.0 -63.0 -61.0 -62.0 -61.0 -54.0 -55.0 -53.0 -54.0 -52.0 -52.0 -50.0 -48.0 -48.0 -47.0 -45.0 -48.0 -51.0 -49.0 -53.0 -53.0 -54.0 -52.0 -53.0 -52.0 -48.0 -47.0 -42.0 -49.0 -49.0 -47.0 -49.0 -47.0 -50.0 -53.0 -55.0 -53.0 -53.0 -56.0 -58.0 -63.0 -61.0 -53.0 -54.0 -57.0 -60.0 -62.0 -60.0 -55.0 -60.0 -61.0 -56.0 -50.0 -56.0 -60.0 -58.0 -60.0 -58.0 -53.0 -51.0 -48.0 -42.0 -34.0 -36.0 -34.0 -31.0 -29.0 -27.0 -24.0
-62.0 -61.0 -61.0 -61.0 -61.0 -62.0 -63.0 -64.0 -65.0 -64.0 -64.0 -64.0 -61.0 -61.0 -59.0 -56.0 -51.0 -51.0 -52.0 -53.0 -52.0 -51.0 -51.0 -52.0 -51.0 -51.0 -52.0 -52.0 -53.0 -49.0 -51.0 -51.0 -50.0 -52.0 -49.0 -50.0 -49.0 -46.0 -41.0 -46.0 -49.0 -48.0 -48.0 -48.0 -48.0 -49.0 -50.0 -56.0 -60.0 -63.0 -61.0 -56.0 -55.0 -56.0 -60.0 -61.0 -59.0 -56.0 -59.0 -62.0 -59.0 -52.0 -50.0 -57.0 -58.0 -58.0 -56.0 -53.0 -51.0 -45.0 -31.0 -26.0 -25.0 -33.0 -35.0 -33.0 -29.0 -27.0 -26.0
-61.0 -63.0 -62.0 -61.0 -62.0 -62.0 -65.0 -64.0 -64.0 -65.0 -64.0 -62.0 -60.0 -57.0 -58.0 -58.0 -56.0 -53.0 -54.0 -53.0 -51.0 -50.0 -50.0 -53.0 -54.0 -52.0 -54.0 -54.0 -53.0 -53.0 -51.0 -51.0 -50.0 -48.0 -47.0 -46.0 -47.0 -46.0 -44.0 -43.0 -49.0 -48.0 -49.0 -49.0 -49.0 -48.0 -52.0 -60.0 -62.0 -65.0 -59.0 -54.0 -56.0 -58.0 -60.0 -58.0 -58.0 -57.0 -57.0 -58.0 -53.0 -45.0 -48.0 -58.0 -58.0 -54.0 -50.0 -46.0 -40.0 -32.0 -28.0 -23.0 -27.0 -31.0 -36.0 -35.0 -29.0 -27.0 -30.0
-62.0 -62.0 -63.0 -62.0 -62.0 -62.0 -63.0 -65.0 -62.0 -65.0 -62.0 -63.0 -60.0 -57.0 -58.0 -58.0 -59.0 -55.0 -55.0 -55.0 -56.0 -56.0 -58.0 -55.0 -54.0 -53.0 -51.0 -52.0 -51.0 -51.0 -51.0 -48.0 -48.0 -47.0 -47.0 -49.0 -48.0 -49.0 -50.0 -48.0 -45.0 -51.0 -52.0 -51.0 -49.0 -49.0 -58.0 -61.0 -63.0 -57.0 -54.0 -53.0 -57.0 -59.0 -58.0 -57.0 -60.0 -60.0 -60.0 -57.0 -51.0 -44.0 -48.0 -56.0 -50.0 -44.0 -42.0 -36.0 -33.0 -26.0 -25.0 -24.0 -27.0 -35.0 -39.0 -33.0 -28.0 -27.0 -35.0
-63.0 -63.0 -61.0 -62.0 -63.0 -63.0 -64.0 -64.0 -64.0 -65.0 -61.0 -61.0 -60.0 -57.0 -57.0 -59.0 -57.0 -56.0 -57.0 -55.0 -55.0 -54.0 -55.0 -56.0 -54.0 -51.0 -52.0 -52.0 -51.0 -52.0 -52.0 -53.0 -51.0 -50.0 -48.0 -50.0 -52.0 -52.0 -53.0 -53.0 -48.0 -52.0 -51.0 -49.0 -48.0 -51.0 -64.0 -65.0 -60.0 -54.0 -52.0 -53.0 -58.0 -59.0 -57.0 -57.0 -62.0 -60.0 -59.0 -57.0 -51.0 -43.0 -47.0 -45.0 -39.0 -41.0 -38.0 -37.0 -31.0 -29.0 -27.0 -27.0 -31.0 -40.0 -40.0 -33.0 -29.0 -30.0 -35.0
-63.0 -63.0 -63.0 -63.0 -64.0 -62.0 -63.0 -63.0 -64.0 -61.0 -59.0 -61.0 -59.0 -57.0 -57.0 -55.0 -57.0 -55.0 -55.0 -55.0 -56.0 -56.0 -56.0 -58.0 -55.0 -50.0 -52.0 -53.0 -53.0 -51.0 -51.0 -51.0 -51.0 -49.0 -49.0 -51.0 -51.0 -54.0 -54.0 -58.0 -57.0 -45.0 -48.0 -49.0 -50.0 -61.0 -68.0 -59.0 -58.0 -55.0 -54.0 -57.0 -60.0 -57.0 -52.0 -54.0 -58.0 -58.0 -56.0 -58.0 -51.0 -46.0 -45.0 -42.0 -41.0 -39.0 -38.0 -33.0 -31.0 -34.0 -29.0 -30.0 -33.0 -39.0 -39.0 -33.0 -30.0 -30.0 -34.0
-64.0 -64.0 -64.0 -64.0 -63.0 -64.0 -63.0 -62.0 -62.0 -60.0 -60.0 -60.0 -57.0 -56.0 -57.0 -54.0 -53.0 -55.0 -56.0 -57.0 -56.0 -55.0 -54.0 -54.0 -54.0 -51.0 -53.0 -54.0 -55.0 -51.0 -49.0 -50.0 -51.0 -51.0 -51.0 -55.0 -58.0 -57.0 -56.0 -54.0 -51.0 -47.0 -48.0 -44.0 -54.0 -71.0 -60.0 -60.0 -58.0 -56.0 -58.0 -61.0 -59.0 -55.0 -51.0 -50.0 -54.0 -55.0 -52.0 -50.0 -48.0 -46.0 -43.0 -41.0 -38.0 -40.0 -37.0 -34.0 -33.0 -30.0 -28.0 -30.0 -35.0 -38.0 -37.0 -33.0 -30.0 -30.0 -32.0
-63.0 -62.0 -64.0 -64.0 -64.0 -64.0 -64.0 -63.0 -61.0 -59.0 -61.0 -60.0 -58.0 -59.0 -57.0 -55.0 -56.0 -57.0 -57.0 -55.0 -55.0 -54.0 -54.0 -55.0 -55.0 -51.0 -53.0 -55.0 -54.0 -51.0 -51.0 -49.0 -51.0 -54.0 -55.0 -55.0 -56.0 -56.0 -52.0 -50.0 -51.0 -50.0 -44.0 -41.0 -62.0 -61.0 -60.0 -58.0 -57.0 -56.0 -62.0 -61.0 -57.0 -55.0 -54.0 -53.0 -53.0 -54.0 -49.0 -51.0 -48.0 -43.0 -40.0 -37.0 -34.0 -34.0 -39.0 -35.0 -32.0 -30.0 -28.0 -29.0 -32.0 -40.0 -35.0 -31.0 -29.0 -29.0 -31.0
-63.0 -64.0 -64.0 -64.0 -64.0 -65.0 -65.0 -64.0 -59.0 -59.0 -59.0 -58.0 -57.0 -56.0 -60.0 -58.0 -57.0 -55.0 -56.0 -56.0 -56.0 -54.0 -53.0 -54.0 -52.0 -50.0 -54.0 -54.0 -55.0 -53.0 -54.0 -52.0 -54.0 -55.0 -56.0 -56.0 -57.0 -56.0 -55.0 -55.0 -53.0 -55.0 -54.0 -53.0 -64.0 -56.0 -57.0 -56.0 -56.0 -57.0 -57.0 -56.0 -54.0 -54.0 -52.0 -49.0 -51.0 -53.0 -49.0 -50.0 -50.0 -42.0 -38.0 -35.0 -35.0 -37.0 -39.0 -35.0 -34.0 -33.0 -30.0 -32.0 -37.0 -36.0 -35.0 -32.0 -29.0 -29.0 -29.0
-63.0 -64.0 -64.0 -64.0 -65.0 -66.0 -65.0 -65.0 -63.0 -61.0 -61.0 -58.0 -59.0 -58.0 -58.0 -58.0 -60.0 -60.0 -55.0 -55.0 -55.0 -55.0 -55.0 -54.0 -54.0 -54.0 -55.0 -57.0 -57.0 -56.0 -56.0 -55.0 -55.0 -55.0 -56.0 -55.0 -56.0 -61.0 -59.0 -57.0 -58.0 -57.0 -59.0 -67.0 -62.0 -55.0 -55.0 -55.0 -55.0 -58.0 -54.0 -51.0 -53.0 -52.0 -47.0 -40.0 -48.0 -51.0 -45.0 -47.0 -47.0 -41.0 -36.0 -36.0 -39.0 -41.0 -39.0 -36.0 -35.0 -33.0 -29.0 -35.0 -37.0 -36.0 -35.0 -33.0 -31.0 -29.0 -29.0
-63.0 -63.0 -64.0 -64.0 -64.0 -65.0 -65.0 -65.0 -65.0 -64.0 -62.0 -63.0 -60.0 -60.0 -62.0 -57.0 -59.0 -57.0 -56.0 -56.0 -55.0 -55.0 -55.0 -55.0 -56.0 -57.0 -53.0 -54.0 -54.0 -55.0 -55.0 -55.0 -54.0 -53.0 -53.0 -55.0 -59.0 -59.0 -59.0 -56.0 -57.0 -57.0 -59.0 -59.0 -57.0 -55.0 -55.0 -54.0 -53.0 -59.0 -55.0 -52.0 -49.0 -47.0 -46.0 -47.0 -47.0 -48.0 -43.0 -44.0 -44.0 -38.0 -38.0 -40.0 -39.0 -38.0 -37.0 -37.0 -33.0 -32.0 -31.0 -34.0 -34.0 -36.0 -36.0 -35.0 -33.0 -31.0 -30.0
-64.0 -64.0 -63.0 -64.0 -65.0 -66.0 -65.0 -66.0 -65.0 -66.0 -64.0 -61.0 -67.0 -61.0 -58.0 -62.0 -59.0 -55.0 -57.0 -55.0 -53.0 -52.0 -53.0 -56.0 -56.0 -55.0 -53.0 -54.0 -54.0 -55.0 -53.0 -52.0 -52.0 -52.0 -55.0 -57.0 -56.0 -53.0 -59.0 -56.0 -54.0 -52.0 -55.0 -57.0 -56.0 -55.0 -53.0 -51.0 -46.0 -54.0 -61.0 -48.0 -41.0 -43.0 -47.0 -47.0 -45.0 -43.0 -41.0 -42.0 -41.0 -41.0 -37.0 -37.0 -38.0 -36.0 -34.0 -35.0 -34.0 -31.0 -33.0 -34.0 -36.0 -36.0 -37.0 -36.0 -33.0 -30.0 -30.0
-62.0 -64.0 -65.0 -65.0 -65.0 -65.0 -65.0 -65.0 -66.0 -65.0 -66.0 -65.0 -68.0 -66.0 -60.0 -60.0 -58.0 -57.0 -55.0 -53.0 -54.0 -54.0 -53.0 -53.0 -52.0 -53.0 -53.0 -52.0 -52.0 -52.0 -51.0 -49.0 -50.0 -54.0 -55.0 -56.0 -52.0 -51.0 -50.0 -52.0 -53.0 -52.0 -57.0 -57.0 -56.0 -59.0 -51.0 -48.0 -45.0 -52.0 -50.0 -43.0 -41.0 -44.0 -49.0 -45.0 -42.0 -41.0 -41.0 -40.0 -38.0 -39.0 -38.0 -38.0 -35.0 -34.0 -35.0 -34.0 -34.0 -33.0 -32.0 -35.0 -35.0 -35.0 -36.0 -36.0 -31.0 -29.0 -30.0
-63.0 -64.0 -64.0 -64.0 -65.0 -65.0 -64.0 -65.0 -65.0 -66.0 -66.0 -67.0 -63.0 -60.0 -62.0 -61.0 -58.0 -58.0 -55.0 -56.0 -54.0 -65.0 -56.0 -55.0 -53.0 -51.0 -52.0 -51.0 -49.0 -47.0 -47.0 -49.0 -51.0 -54.0 -56.0 -57.0 -54.0 -49.0 -48.0 -48.0 -48.0 -51.0 -54.0 -53.0 -54.0 -54.0 -51.0 -48.0 -47.0 -51.0 -48.0 -43.0 -42.0 -44.0 -44.0 -41.0 -39.0 -39.0 -40.0 -42.0 -39.0 -32.0 -38.0 -36.0 -34.0 -32.0 -34.0 -34.0 -35.0 -34.0 -35.0 -37.0 -32.0 -34.0 -36.0 -35.0 -31.0 -28.0 -30.0
-63.0 -63.0 -64.0 -64.0 -64.0 -64.0 -64.0 -65.0 -65.0 -66.0 -65.0 -67.0 -62.0 -59.0 -58.0 -56.0 -60.0 -60.0 -57.0 -54.0 -55.0 -57.0 -52.0 -53.0 -52.0 -52.0 -47.0 -50.0 -50.0 -48.0 -46.0 -50.0 -53.0 -55.0 -56.0 -57.0 -56.0 -51.0 -48.0 -46.0 -46.0 -49.0 -53.0 -51.0 -52.0 -53.0 -52.0 -47.0 -46.0 -47.0 -49.0 -47.0 -45.0 -44.0 -45.0 -40.0 -39.0 -39.0 -41.0 -47.0 -39.0 -36.0 -39.0 -35.0 -32.0 -31.0 -34.0 -33.0 -32.0 -34.0 -35.0 -36.0 -33.0 -34.0 -36.0 -35.0 -32.0 -31.0 -31.0
-63.0 -63.0 -63.0 -64.0 -64.0 -64.0 -64.0 -65.0 -65.0 -65.0 -65.0 -64.0 -68.0 -62.0 -60.0 -59.0 -59.0 -60.0 -56.0 -52.0 -54.0 -53.0 -50.0 -52.0 -52.0 -51.0 -51.0 -50.0 -48.0 -48.0 -49.0 -51.0 -54.0 -55.0 -56.0 -57.0 -55.0 -53.0 -49.0 -49.0 -48.0 -47.0 -51.0 -50.0 -51.0 -52.0 -53.0 -46.0 -48.0 -46.0 -49.0 -49.0 -46.0 -45.0 -45.0 -43.0 -41.0 -42.0 -42.0 -44.0 -38.0 -41.0 -35.0 -35.0 -32.0 -34.0 -33.0 -34.0 -33.0 -32.0 -36.0 -35.0 -33.0 -32.0 -34.0 -35.0 -34.0 -32.0 -31.0
-63.0 -63.0 -64.0 -64.0 -63.0 -63.0 -63.0 -64.0 -64.0 -64.0 -64.0 -63.0 -69.0 -63.0 -64.0 -61.0 -59.0 -59.0 -58.0 -53.0 -57.0 -54.0 -53.0 -54.0 -52.0 -52.0 -51.0 -50.0 -49.0 -47.0 -47.0 -52.0 -55.0 -55.0 -56.0 -58.0 -59.0 -57.0 -51.0 -54.0 -49.0 -49.0 -50.0 -50.0 -49.0 -52.0 -52.0 -52.0 -50.0 -47.0 -45.0 -48.0 -46.0 -47.0 -53.0 -46.0 -43.0 -44.0 -46.0 -37.0 -38.0 -38.0 -35.0 -35.0 -30.0 -32.0 -32.0 -30.0 -32.0 -35.0 -34.0 -32.0 -30.0 -29.0 -30.0 -33.0 -34.0 -32.0 -28.0
-62.0 -63.0 -64.0 -63.0 -62.0 -63.0 -63.0 -63.0 -64.0 -64.0 -63.0 -64.0 -75.0 -63.0 -65.0 -64.0 -59.0 -56.0 -57.0 -53.0 -57.0 -56.0 -55.0 -55.0 -52.0 -51.0 -51.0 -52.0 -47.0 -47.0 -49.0 -53.0 -54.0 -56.0 -57.0 -59.0 -60.0 -58.0 -53.0 -52.0 -48.0 -50.0 -50.0 -51.0 -50.0 -54.0 -50.0 -55.0 -47.0 -40.0 -40.0 -45.0 -44.0 -47.0 -51.0 -46.0 -44.0 -45.0 -44.0 -37.0 -40.0 -37.0 -37.0 -33.0 -32.0 -29.0 -29.0 -33.0 -34.0 -33.0 -33.0 -31.0 -27.0 -24.0 -25.0 -31.0 -34.0 -32.0 -25.0
-62.0 -62.0 -62.0 -63.0 -63.0 -63.0 -63.0 -63.0 -63.0 -63.0 -62.0 -62.0 -70.0 -63.0 -62.0 -63.0 -61.0 -60.0 -58.0 -57.0 -56.0 -55.0 -53.0 -53.0 -52.0 -50.0 -51.0 -50.0 -49.0 -49.0 -53.0 -54.0 -55.0 -57.0 -57.0 -58.0 -59.0 -57.0 -53.0 -51.0 -52.0 -53.0 -48.0 -50.0 -50.0 -47.0 -51.0 -47.0 -47.0 -47.0 -49.0 -49.0 -46.0 -47.0 -50.0 -45.0 -44.0 -43.0 -41.0 -40.0 -40.0 -38.0 -40.0 -33.0 -33.0 -32.0 -32.0 -31.0 -33.0 -34.0 -34.0 -32.0 -28.0 -20.0 -22.0 -27.0 -32.0 -31.0 -23.0
-60.0 -62.0 -62.0 -61.0 -60.0 -62.0 -62.0 -62.0 -63.0 -63.0 -61.0 -61.0 -62.0 -62.0 -62.0 -62.0 -62.0 -60.0 -58.0 -55.0 -58.0 -56.0 -54.0 -53.0 -53.0 -50.0 -51.0 -50.0 -50.0 -51.0 -53.0 -55.0 -57.0 -57.0 -57.0 -58.0 -58.0 -57.0 -54.0 -52.0 -54.0 -57.0 -53.0 -51.0 -49.0 -51.0 -54.0 -48.0 -47.0 -49.0 -50.0 -49.0 -52.0 -45.0 -48.0 -44.0 -42.0 -41.0 -40.0 -39.0 -41.0 -40.0 -38.0 -36.0 -35.0 -34.0 -35.0 -34.0 -33.0 -35.0 -36.0 -34.0 -31.0 -26.0 -25.0 -27.0 -29.0 -29.0 -22.0
-60.0 -60.0 -61.0 -61.0 -62.0 -62.0 -62.0 -62.0 -62.0 -62.0 -61.0 -61.0 -65.0 -61.0 -62.0 -62.0 -61.0 -60.0 -59.0 -56.0 -57.0 -59.0 -55.0 -55.0 -55.0 -52.0 -51.0 -52.0 -54.0 -51.0 -53.0 -56.0 -57.0 -57.0 -58.0 -58.0 -57.0 -57.0 -58.0 -54.0 -55.0 -59.0 -55.0 -52.0 -50.0 -49.0 -50.0 -47.0 -46.0 -48.0 -52.0 -49.0 -47.0 -43.0 -46.0 -43.0 -41.0 -40.0 -42.0 -41.0 -41.0 -41.0 -39.0 -37.0 -34.0 -33.0 -33.0 -35.0 -35.0 -37.0 -38.0 -37.0 -36.0 -31.0 -28.0 -28.0 -28.0 -26.0 -21.0
-60.0 -60.0 -61.0 -61.0 -61.0 -61.0 -61.0 -62.0 -61.0 -60.0 -60.0 -61.0 -65.0 -62.0 -62.0 -62.0 -61.0 -60.0 -59.0 -56.0 -57.0 -58.0 -57.0 -54.0 -54.0 -54.0 -56.0 -55.0 -54.0 -51.0 -54.0 -57.0 -58.0 -58.0 -58.0 -58.0 -58.0 -58.0 -61.0 -55.0 -54.0 -54.0 -52.0 -53.0 -53.0 -49.0 -47.0 -48.0 -46.0 -48.0 -50.0 -49.0 -47.0 -46.0 -45.0 -43.0 -41.0 -41.0 -43.0 -40.0 -41.0 -40.0 -41.0 -37.0 -36.0 -34.0 -36.0 -37.0 -38.0 -40.0 -40.0 -40.0 -38.0 -34.0 -30.0 -28.0 -27.0 -25.0 -20.0
-59.0 -60.0 -60.0 -61.0 -61.0 -61.0 -61.0 -61.0 -61.0 -59.0 -59.0 -59.0 -71.0 -62.0 -62.0 -62.0 -60.0 -61.0 -60.0 -58.0 -56.0 -59.0 -58.0 -58.0 -56.0 -58.0 -58.0 -54.0 -53.0 -52.0 -54.0 -57.0 -58.0 -58.0 -58.0 -57.0 -57.0 -58.0 -57.0 -53.0 -53.0 -52.0 -51.0 -58.0 -55.0 -50.0 -49.0 -49.0 -49.0 -48.0 -49.0 -48.0 -48.0 -46.0 -45.0 -44.0 -39.0 -40.0 -41.0 -38.0 -39.0 -39.0 -40.0 -38.0 -36.0 -34.0 -36.0 -36.0 -37.0 -40.0 -41.0 -40.0 -38.0 -35.0 -31.0 -29.0 -27.0 -26.0 -24.0
-59.0 -59.0 -60.0 -60.0 -60.0 -60.0 -60.0 -59.0 -59.0 -60.0 -60.0 -64.0 -74.0 -62.0 -62.0 -62.0 -61.0 -61.0 -60.0 -59.0 -58.0 -59.0 -59.0 -56.0 -58.0 -58.0 -56.0 -53.0 -52.0 -51.0 -54.0 -57.0 -57.0 -57.0 -57.0 -54.0 -55.0 -58.0 -56.0 -54.0 -53.0 -49.0 -49.0 -52.0 -52.0 -49.0 -48.0 -48.0 -50.0 -47.0 -47.0 -47.0 -45.0 -43.0 -45.0 -44.0 -37.0 -38.0 -40.0 -40.0 -38.0 -39.0 -39.0 -38.0 -37.0 -36.0 -34.0 -34.0 -35.0 -37.0 -41.0 -40.0 -37.0 -33.0 -31.0 -30.0 -30.0 -30.0 -29.0
-57.0 -58.0 -59.0 -60.0 -58.0 -58.0 -59.0 -59.0 -59.0 -60.0 -60.0 -64.0 -71.0 -62.0 -62.0 -63.0 -62.0 -61.0 -59.0 -59.0 -56.0 -59.0 -59.0 -58.0 -57.0 -56.0 -56.0 -53.0 -51.0 -53.0 -55.0 -58.0 -55.0 -55.0 -56.0 -49.0 -52.0 -58.0 -57.0 -55.0 -54.0 -51.0 -51.0 -51.0 -50.0 -48.0 -48.0 -47.0 -44.0 -47.0 -47.0 -47.0 -44.0 -44.0 -38.0 -39.0 -39.0 -39.0 -40.0 -38.0 -36.0 -39.0 -38.0 -35.0 -34.0 -35.0 -34.0 -33.0 -32.0 -33.0 -37.0 -39.0 -35.0 -31.0 -32.0 -34.0 -35.0 -35.0 -32.0
-55.0 -55.0 -57.0 -59.0 -60.0 -59.0 -60.0 -60.0 -58.0 -60.0 -61.0 -61.0 -62.0 -62.0 -63.0 -62.0 -62.0 -62.0 -60.0 -59.0 -59.0 -59.0 -60.0 -58.0 -58.0 -57.0 -55.0 -53.0 -53.0 -54.0 -56.0 -58.0 -57.0 -56.0 -58.0 -52.0 -53.0 -60.0 -57.0 -55.0 -53.0 -56.0 -51.0 -50.0 -49.0 -49.0 -49.0 -49.0 -51.0 -48.0 -47.0 -47.0 -43.0 -43.0 -34.0 -37.0 -38.0 -38.0 -40.0 -37.0 -37.0 -38.0 -35.0 -35.0 -37.0 -37.0 -34.0 -33.0 -31.0 -28.0 -32.0 -33.0 -32.0 -32.0 -33.0 -35.0 -36.0 -38.0 -36.0
