Assets/Terrain/surface400.asc
ncols 400
nrows 400
xllcorner 81600.000000000000
yllcorner 5623425.000000000000
cellsize 1975.0
NODATA_value -32768
[rows 0 to 34 of 400, columns 0 to 78 of 400]
0.0 299.0 506.0 730.0 480.0 699.0 952.0 893.0 1033.0 971.0 849.0 657.0 648.0 543.0 722.0 839.0 589.0 690.0 718.0 513.0 597.0 460.0 666.0 603.0 579.0 380.0 450.0 309.0 233.0 259.0 367.0 357.0 333.0 275.0 256.0 380.0 357.0 320.0 154.0 127.0 134.0 124.0 113.0 122.0 156.0 125.0 97.0 150.0 74.0 42.0 77.0 45.0 -5.0 -21.0 -35.0 -41.0 -63.0 -62.0 -69.0 -71.0 -80.0 -68.0 -65.0 -67.0 -74.0 -76.0 -68.0 -83.0 -73.0 -78.0 -94.0 -74.0 -82.0 -81.0 -83.0 -86.0 -76.0 -73.0 -71.0
284.0 511.0 874.0 732.0 586.0 827.0 900.0 1107.0 723.0 687.0 756.0 816.0 901.0 646.0 875.0 796.0 512.0 726.0 739.0 522.0 646.0 598.0 577.0 588.0 531.0 528.0 278.0 215.0 203.0 200.0 233.0 248.0 300.0 385.0 344.0 242.0 227.0 240.0 167.0 166.0 193.0 198.0 125.0 94.0 107.0 205.0 151.0 211.0 112.0 99.0 13.0 12.0 -9.0 -24.0 -40.0 -46.0 -60.0 -65.0 -70.0 -73.0 -76.0 -79.0 -75.0 -71.0 -73.0 -74.0 -79.0 -70.0 -74.0 -80.0 -98.0 -75.0 -73.0 -79.0 -82.0 -77.0 -75.0 -76.0 -60.0
296.0 628.0 790.0 807.0 1018.0 1213.0 839.0 1114.0 1121.0 926.0 898.0 903.0 1145.0 1111.0 1105.0 710.0 474.0 502.0 494.0 458.0 524.0 537.0 408.0 418.0 595.0 629.0 267.0 198.0 218.0 180.0 139.0 166.0 308.0 245.0 236.0 269.0 247.0 261.0 197.0 267.0 134.0 158.0 114.0 96.0 121.0 116.0 122.0 155.0 155.0 115.0 56.0 14.0 -9.0 -27.0 -42.0 -53.0 -61.0 -65.0 -79.0 -87.0 -89.0 -75.0 -68.0 -71.0 -76.0 -81.0 -68.0 -75.0 -73.0 -98.0 -96.0 -85.0 -86.0 -89.0 -75.0 -76.0 -63.0 -58.0 -67.0
357.0 549.0 780.0 522.0 1182.0 808.0 649.0 1236.0 986.0 654.0 818.0 1019.0 824.0 1033.0 789.0 549.0 736.0 591.0 463.0 432.0 353.0 327.0 405.0 388.0 482.0 478.0 454.0 194.0 163.0 202.0 141.0 159.0 240.0 134.0 196.0 174.0 187.0 257.0 385.0 351.0 386.0 161.0 93.0 105.0 74.0 86.0 120.0 185.0 150.0 81.0 38.0 7.0 -4.0 -34.0 -49.0 -61.0 -65.0 -67.0 -85.0 -101.0 -89.0 -71.0 -69.0 -75.0 -82.0 -68.0 -71.0 -78.0 -84.0 -97.0 -92.0 -94.0 -91.0 -87.0 -65.0 -59.0 -57.0 -64.0 -59.0
357.0 628.0 976.0 891.0 923.0 1002.0 684.0 868.0 968.0 700.0 757.0 959.0 673.0 864.0 797.0 771.0 757.0 632.0 549.0 420.0 461.0 604.0 427.0 345.0 478.0 479.0 394.0 228.0 172.0 221.0 247.0 125.0 194.0 154.0 191.0 192.0 123.0 146.0 387.0 357.0 210.0 142.0 73.0 64.0 111.0 86.0 128.0 94.0 97.0 68.0 12.0 29.0 0.0 -29.0 -59.0 -65.0 -64.0 -71.0 -93.0 -98.0 -77.0 -72.0 -74.0 -72.0 -84.0 -71.0 -79.0 -75.0 -86.0 -96.0 -87.0 -93.0 -73.0 -66.0 -58.0 -56.0 -59.0 -58.0 -57.0
351.0 688.0 946.0 871.0 1063.0 865.0 712.0 954.0 835.0 488.0 544.0 538.0 559.0 689.0 618.0 569.0 481.0 613.0 500.0 398.0 522.0 472.0 432.0 254.0 350.0 235.0 187.0 170.0 170.0 145.0 137.0 132.0 140.0 149.0 109.0 164.0 127.0 114.0 119.0 198.0 109.0 86.0 84.0 90.0 82.0 103.0 100.0 39.0 12.0 64.0 56.0 91.0 -11.0 -42.0 -59.0 -65.0 -69.0 -68.0 -94.0 -97.0 -77.0 -69.0 -78.0 -92.0 -72.0 -78.0 -73.0 -77.0 -100.0 -96.0 -97.0 -85.0 -69.0 -62.0 -57.0 -60.0 -61.0 -56.0 -57.0
491.0 781.0 944.0 701.0 1001.0 1021.0 598.0 608.0 468.0 458.0 643.0 494.0 673.0 681.0 450.0 475.0 533.0 392.0 311.0 282.0 262.0 288.0 261.0 318.0 204.0 388.0 223.0 202.0 295.0 231.0 151.0 145.0 125.0 111.0 129.0 139.0 177.0 110.0 103.0 93.0 79.0 80.0 77.0 85.0 47.0 72.0 20.0 65.0 112.0 108.0 118.0 51.0 -31.0 -44.0 -60.0 -59.0 -75.0 -75.0 -91.0 -96.0 -76.0 -73.0 -99.0 -72.0 -73.0 -78.0 -78.0 -83.0 -99.0 -70.0 -106.0 -96.0 -56.0 -61.0 -69.0 -65.0 -59.0 -58.0 -63.0
515.0 660.0 705.0 714.0 863.0 938.0 572.0 711.0 694.0 545.0 530.0 469.0 424.0 466.0 320.0 389.0 332.0 415.0 326.0 366.0 344.0 411.0 352.0 255.0 254.0 592.0 392.0 493.0 366.0 178.0 372.0 300.0 210.0 222.0 122.0 94.0 78.0 82.0 69.0 114.0 77.0 67.0 58.0 36.0 51.0 111.0 88.0 77.0 128.0 118.0 88.0 -17.0 -46.0 -55.0 -62.0 -64.0 -74.0 -72.0 -86.0 -93.0 -101.0 -119.0 -79.0 -70.0 -75.0 -75.0 -76.0 -73.0 -92.0 -95.0 -117.0 -76.0 -64.0 -58.0 -64.0 -62.0 -59.0 -60.0 -64.0
690.0 476.0 525.0 569.0 681.0 618.0 597.0 486.0 528.0 519.0 394.0 446.0 396.0 407.0 343.0 555.0 346.0 412.0 451.0 525.0 446.0 379.0 508.0 252.0 483.0 563.0 548.0 290.0 329.0 261.0 433.0 494.0 248.0 179.0 215.0 254.0 225.0 276.0 161.0 81.0 135.0 98.0 86.0 110.0 170.0 158.0 114.0 145.0 114.0 75.0 47.0 -34.0 -57.0 -57.0 -59.0 -69.0 -70.0 -80.0 -83.0 -100.0 -114.0 -103.0 -73.0 -75.0 -79.0 -78.0 -72.0 -78.0 -88.0 -113.0 -90.0 -64.0 -63.0 -67.0 -58.0 -65.0 -61.0 -61.0 -59.0
727.0 602.0 572.0 529.0 518.0 527.0 509.0 460.0 529.0 605.0 636.0 505.0 518.0 828.0 356.0 761.0 439.0 649.0 495.0 489.0 387.0 387.0 440.0 341.0 664.0 653.0 396.0 565.0 331.0 381.0 537.0 421.0 357.0 326.0 168.0 111.0 98.0 97.0 134.0 111.0 243.0 184.0 117.0 270.0 210.0 199.0 136.0 133.0 88.0 65.0 -18.0 -46.0 -51.0 -57.0 -59.0 -65.0 -64.0 -66.0 -88.0 -108.0 -115.0 -96.0 -89.0 -78.0 -84.0 -75.0 -83.0 -91.0 -95.0 -108.0 -89.0 -60.0 -58.0 -59.0 -57.0 -59.0 -59.0 -58.0 -61.0
648.0 601.0 685.0 632.0 621.0 684.0 584.0 526.0 664.0 663.0 465.0 530.0 593.0 748.0 571.0 584.0 645.0 848.0 840.0 543.0 651.0 493.0 392.0 473.0 662.0 541.0 540.0 471.0 605.0 467.0 472.0 259.0 295.0 257.0 286.0 201.0 116.0 114.0 147.0 119.0 202.0 138.0 199.0 324.0 227.0 255.0 163.0 106.0 100.0 -2.0 -29.0 -52.0 -57.0 -58.0 -62.0 -59.0 -71.0 -68.0 -91.0 -118.0 -91.0 -67.0 -93.0 -86.0 -88.0 -89.0 -90.0 -95.0 -108.0 -94.0 -71.0 -63.0 -60.0 -59.0 -56.0 -56.0 -61.0 -62.0 -63.0
763.0 791.0 811.0 758.0 939.0 635.0 635.0 589.0 726.0 610.0 647.0 680.0 637.0 481.0 648.0 676.0 738.0 873.0 1115.0 710.0 616.0 384.0 596.0 636.0 650.0 731.0 748.0 708.0 611.0 614.0 613.0 514.0 522.0 527.0 416.0 282.0 211.0 215.0 260.0 198.0 253.0 194.0 329.0 168.0 192.0 127.0 146.0 114.0 75.0 -24.0 -39.0 -51.0 -57.0 -60.0 -61.0 -60.0 -64.0 -65.0 -95.0 -124.0 -78.0 -68.0 -78.0 -73.0 -73.0 -75.0 -97.0 -106.0 -93.0 -86.0 -66.0 -61.0 -63.0 -62.0 -54.0 -58.0 -61.0 -63.0 -62.0
707.0 741.0 740.0 648.0 691.0 733.0 542.0 628.0 703.0 865.0 872.0 581.0 821.0 414.0 672.0 565.0 922.0 1005.0 1020.0 854.0 653.0 477.0 676.0 649.0 526.0 674.0 653.0 645.0 500.0 489.0 588.0 546.0 474.0 434.0 518.0 482.0 320.0 143.0 374.0 417.0 260.0 248.0 176.0 154.0 106.0 116.0 102.0 102.0 -1.0 -28.0 -47.0 -53.0 -57.0 -59.0 -60.0 -63.0 -64.0 -72.0 -110.0 -103.0 -68.0 -81.0 -78.0 -71.0 -77.0 -117.0 -99.0 -73.0 -73.0 -90.0 -72.0 -65.0 -59.0 -59.0 -54.0 -58.0 -62.0 -63.0 -64.0
835.0 690.0 760.0 598.0 553.0 545.0 461.0 641.0 694.0 709.0 613.0 745.0 564.0 470.0 815.0 888.0 767.0 959.0 635.0 527.0 400.0 695.0 659.0 640.0 650.0 389.0 415.0 524.0 456.0 368.0 359.0 488.0 737.0 518.0 513.0 392.0 284.0 281.0 409.0 295.0 353.0 299.0 260.0 281.0 217.0 133.0 38.0 31.0 -10.0 -38.0 -49.0 -53.0 -57.0 -59.0 -64.0 -66.0 -66.0 -79.0 -88.0 -86.0 -74.0 -79.0 -77.0 -73.0 -122.0 -83.0 -85.0 -63.0 -68.0 -76.0 -72.0 -69.0 -58.0 -55.0 -56.0 -59.0 -60.0 -59.0 -68.0
809.0 760.0 832.0 609.0 748.0 532.0 574.0 593.0 753.0 874.0 718.0 723.0 645.0 756.0 628.0 969.0 682.0 825.0 708.0 671.0 649.0 651.0 703.0 590.0 488.0 463.0 302.0 467.0 326.0 257.0 298.0 502.0 534.0 373.0 305.0 270.0 252.0 293.0 381.0 232.0 230.0 234.0 152.0 142.0 143.0 86.0 70.0 54.0 -23.0 -41.0 -47.0 -53.0 -57.0 -61.0 -67.0 -61.0 -71.0 -116.0 -73.0 -69.0 -70.0 -72.0 -74.0 -127.0 -85.0 -78.0 -66.0 -67.0 -64.0 -63.0 -62.0 -64.0 -60.0 -60.0 -63.0 -61.0 -62.0 -63.0 -69.0
851.0 776.0 837.0 800.0 679.0 606.0 538.0 629.0 866.0 814.0 768.0 802.0 838.0 731.0 771.0 962.0 857.0 820.0 718.0 477.0 677.0 705.0 776.0 656.0 525.0 308.0 331.0 259.0 336.0 206.0 378.0 270.0 381.0 436.0 330.0 304.0 392.0 360.0 459.0 295.0 151.0 149.0 211.0 107.0 170.0 140.0 118.0 72.0 -31.0 -43.0 -48.0 -52.0 -58.0 -60.0 -60.0 -63.0 -68.0 -92.0 -83.0 -72.0 -85.0 -87.0 -107.0 -88.0 -73.0 -79.0 -71.0 -67.0 -64.0 -64.0 -68.0 -61.0 -59.0 -60.0 -65.0 -64.0 -68.0 -61.0 -63.0
733.0 484.0 694.0 610.0 621.0 768.0 606.0 812.0 853.0 854.0 454.0 790.0 667.0 576.0 994.0 534.0 578.0 783.0 551.0 602.0 563.0 806.0 785.0 689.0 632.0 551.0 558.0 372.0 218.0 212.0 210.0 240.0 241.0 402.0 407.0 464.0 444.0 275.0 288.0 202.0 161.0 138.0 112.0 95.0 130.0 128.0 102.0 50.0 -35.0 -44.0 -46.0 -52.0 -57.0 -60.0 -56.0 -75.0 -106.0 -72.0 -96.0 -99.0 -83.0 -99.0 -79.0 -75.0 -65.0 -78.0 -68.0 -75.0 -70.0 -64.0 -66.0 -61.0 -65.0 -64.0 -64.0 -65.0 -67.0 -66.0 -64.0
490.0 404.0 388.0 572.0 968.0 981.0 595.0 482.0 659.0 722.0 608.0 646.0 467.0 806.0 670.0 577.0 895.0 825.0 454.0 588.0 396.0 732.0 630.0 759.0 773.0 683.0 517.0 493.0 449.0 329.0 279.0 199.0 227.0 265.0 508.0 343.0 233.0 167.0 367.0 315.0 118.0 104.0 94.0 95.0 132.0 99.0 71.0 23.0 -38.0 -42.0 -42.0 -55.0 -55.0 -50.0 -59.0 -84.0 -94.0 -70.0 -102.0 -72.0 -68.0 -105.0 -70.0 -63.0 -67.0 -81.0 -81.0 -64.0 -60.0 -60.0 -64.0 -60.0 -64.0 -63.0 -63.0 -65.0 -67.0 -65.0 -68.0
500.0 263.0 496.0 659.0 627.0 657.0 500.0 498.0 603.0 717.0 495.0 767.0 444.0 587.0 540.0 558.0 666.0 824.0 699.0 767.0 508.0 325.0 570.0 717.0 768.0 626.0 612.0 593.0 447.0 376.0 469.0 546.0 335.0 235.0 245.0 228.0 154.0 160.0 126.0 82.0 69.0 64.0 78.0 136.0 112.0 121.0 66.0 -23.0 -39.0 -41.0 -42.0 -53.0 -57.0 -45.0 -59.0 -75.0 -76.0 -100.0 -93.0 -78.0 -89.0 -67.0 -60.0 -64.0 -76.0 -79.0 -72.0 -65.0 -65.0 -61.0 -63.0 -65.0 -64.0 -65.0 -65.0 -67.0 -68.0 -67.0 -67.0
423.0 416.0 409.0 749.0 449.0 600.0 819.0 516.0 478.0 689.0 517.0 343.0 482.0 502.0 595.0 423.0 579.0 694.0 670.0 523.0 596.0 425.0 241.0 400.0 490.0 657.0 499.0 379.0 366.0 305.0 496.0 548.0 257.0 139.0 210.0 119.0 91.0 72.0 70.0 64.0 62.0 66.0 59.0 81.0 73.0 107.0 64.0 -30.0 -38.0 -41.0 -49.0 -47.0 -55.0 -47.0 -62.0 -69.0 -77.0 -105.0 -70.0 -74.0 -77.0 -61.0 -68.0 -103.0 -71.0 -68.0 -68.0 -67.0 -61.0 -61.0 -62.0 -63.0 -64.0 -66.0 -67.0 -67.0 -68.0 -68.0 -68.0
194.0 280.0 368.0 423.0 420.0 534.0 636.0 482.0 342.0 493.0 547.0 543.0 326.0 414.0 556.0 369.0 650.0 535.0 397.0 518.0 475.0 463.0 446.0 245.0 376.0 703.0 546.0 491.0 356.0 438.0 279.0 465.0 370.0 131.0 93.0 89.0 59.0 68.0 65.0 54.0 80.0 151.0 105.0 87.0 17.0 119.0 -6.0 -35.0 -42.0 -44.0 -48.0 -49.0 -49.0 -59.0 -63.0 -68.0 -89.0 -101.0 -76.0 -77.0 -89.0 -84.0 -88.0 -73.0 -64.0 -65.0 -68.0 -67.0 -61.0 -58.0 -64.0 -63.0 -65.0 -66.0 -67.0 -67.0 -68.0 -68.0 -68.0
132.0 232.0 415.0 341.0 484.0 451.0 550.0 449.0 392.0 449.0 519.0 689.0 392.0 477.0 465.0 390.0 517.0 558.0 531.0 321.0 385.0 404.0 390.0 218.0 541.0 523.0 526.0 533.0 389.0 295.0 197.0 283.0 146.0 191.0 65.0 57.0 50.0 56.0 51.0 83.0 137.0 223.0 169.0 121.0 106.0 -5.0 -30.0 -39.0 -49.0 -50.0 -50.0 -46.0 -45.0 -54.0 -65.0 -83.0 -97.0 -78.0 -83.0 -101.0 -89.0 -77.0 -75.0 -66.0 -62.0 -66.0 -65.0 -61.0 -59.0 -59.0 -62.0 -64.0 -63.0 -65.0 -67.0 -67.0 -68.0 -69.0 -68.0
355.0 193.0 189.0 554.0 701.0 452.0 464.0 371.0 319.0 389.0 381.0 495.0 484.0 437.0 502.0 394.0 407.0 462.0 449.0 501.0 325.0 308.0 410.0 215.0 460.0 358.0 360.0 327.0 484.0 371.0 327.0 120.0 169.0 71.0 57.0 47.0 47.0 41.0 61.0 123.0 240.0 153.0 121.0 93.0 12.0 -23.0 -34.0 -47.0 -50.0 -51.0 -52.0 -47.0 -47.0 -51.0 -68.0 -80.0 -92.0 -67.0 -85.0 -74.0 -65.0 -87.0 -72.0 -60.0 -61.0 -64.0 -62.0 -60.0 -57.0 -57.0 -65.0 -65.0 -63.0 -66.0 -67.0 -67.0 -67.0 -68.0 -69.0
212.0 341.0 120.0 600.0 486.0 565.0 392.0 373.0 447.0 263.0 367.0 379.0 396.0 419.0 631.0 323.0 325.0 319.0 407.0 527.0 488.0 358.0 287.0 261.0 274.0 357.0 372.0 419.0 332.0 261.0 203.0 198.0 166.0 77.0 55.0 35.0 50.0 48.0 55.0 142.0 181.0 141.0 130.0 62.0 -12.0 -29.0 -37.0 -52.0 -56.0 -54.0 -50.0 -56.0 -58.0 -54.0 -62.0 -84.0 -78.0 -95.0 -70.0 -77.0 -69.0 -57.0 -64.0 -58.0 -54.0 -57.0 -60.0 -61.0 -56.0 -56.0 -65.0 -65.0 -65.0 -67.0 -68.0 -69.0 -66.0 -68.0 -67.0
196.0 360.0 98.0 322.0 322.0 354.0 483.0 510.0 394.0 259.0 347.0 465.0 431.0 386.0 404.0 305.0 282.0 493.0 400.0 372.0 493.0 247.0 285.0 306.0 222.0 299.0 408.0 365.0 211.0 278.0 172.0 145.0 109.0 66.0 50.0 49.0 54.0 29.0 48.0 126.0 131.0 78.0 20.0 -5.0 -26.0 -32.0 -46.0 -56.0 -56.0 -57.0 -48.0 -53.0 -57.0 -58.0 -55.0 -72.0 -86.0 -71.0 -65.0 -66.0 -67.0 -58.0 -56.0 -61.0 -53.0 -58.0 -62.0 -63.0 -57.0 -59.0 -67.0 -67.0 -67.0 -66.0 -68.0 -67.0 -68.0 -69.0 -68.0
423.0 555.0 227.0 117.0 219.0 351.0 400.0 326.0 306.0 269.0 238.0 291.0 269.0 360.0 458.0 288.0 243.0 424.0 327.0 359.0 467.0 512.0 353.0 356.0 218.0 218.0 209.0 242.0 173.0 113.0 94.0 79.0 72.0 68.0 80.0 115.0 89.0 78.0 36.0 63.0 87.0 -2.0 -12.0 -19.0 -28.0 -35.0 -51.0 -61.0 -60.0 -57.0 -59.0 -61.0 -59.0 -62.0 -61.0 -82.0 -69.0 -69.0 -65.0 -59.0 -55.0 -64.0 -60.0 -62.0 -50.0 -56.0 -61.0 -61.0 -56.0 -57.0 -64.0 -66.0 -65.0 -67.0 -67.0 -69.0 -67.0 -69.0 -69.0
515.0 325.0 373.0 135.0 154.0 315.0 338.0 438.0 404.0 310.0 242.0 361.0 242.0 338.0 396.0 431.0 354.0 355.0 440.0 274.0 408.0 506.0 307.0 208.0 131.0 175.0 184.0 140.0 122.0 115.0 97.0 95.0 106.0 100.0 90.0 99.0 87.0 90.0 83.0 35.0 2.0 -11.0 -19.0 -24.0 -29.0 -38.0 -53.0 -59.0 -58.0 -51.0 -54.0 -53.0 -58.0 -63.0 -65.0 -88.0 -84.0 -89.0 -91.0 -61.0 -71.0 -60.0 -59.0 -66.0 -52.0 -55.0 -58.0 -55.0 -55.0 -56.0 -64.0 -67.0 -67.0 -66.0 -67.0 -68.0 -68.0 -68.0 -69.0
351.0 314.0 237.0 382.0 67.0 248.0 334.0 430.0 401.0 367.0 177.0 415.0 239.0 352.0 373.0 433.0 327.0 370.0 258.0 222.0 315.0 289.0 200.0 190.0 119.0 105.0 108.0 100.0 79.0 59.0 52.0 53.0 71.0 32.0 28.0 56.0 56.0 44.0 10.0 10.0 -3.0 -16.0 -22.0 -26.0 -31.0 -44.0 -54.0 -50.0 -58.0 -68.0 -63.0 -56.0 -59.0 -62.0 -68.0 -71.0 -63.0 -66.0 -63.0 -76.0 -64.0 -55.0 -62.0 -63.0 -54.0 -55.0 -56.0 -53.0 -53.0 -57.0 -64.0 -66.0 -65.0 -66.0 -65.0 -68.0 -67.0 -68.0 -70.0
179.0 102.0 116.0 61.0 186.0 174.0 311.0 454.0 505.0 447.0 346.0 297.0 239.0 324.0 386.0 320.0 236.0 221.0 248.0 214.0 232.0 178.0 210.0 157.0 142.0 126.0 101.0 82.0 72.0 48.0 59.0 72.0 86.0 117.0 77.0 10.0 4.0 3.0 -25.0 7.0 -8.0 -20.0 -23.0 -28.0 -35.0 -47.0 -53.0 -58.0 -71.0 -69.0 -62.0 -57.0 -63.0 -58.0 -59.0 -59.0 -58.0 -63.0 -78.0 -62.0 -57.0 -55.0 -59.0 -64.0 -54.0 -54.0 -55.0 -50.0 -54.0 -60.0 -64.0 -65.0 -65.0 -66.0 -66.0 -67.0 -68.0 -68.0 -69.0
110.0 282.0 301.0 197.0 132.0 97.0 232.0 379.0 384.0 404.0 442.0 176.0 204.0 286.0 269.0 257.0 345.0 179.0 172.0 177.0 197.0 160.0 143.0 150.0 130.0 101.0 87.0 69.0 124.0 185.0 143.0 109.0 99.0 79.0 34.0 16.0 6.0 7.0 2.0 2.0 -13.0 -24.0 -26.0 -31.0 -39.0 -49.0 -56.0 -63.0 -89.0 -80.0 -70.0 -58.0 -51.0 -48.0 -57.0 -55.0 -60.0 -67.0 -70.0 -54.0 -54.0 -57.0 -59.0 -63.0 -54.0 -54.0 -53.0 -54.0 -56.0 -61.0 -58.0 -64.0 -65.0 -67.0 -67.0 -66.0 -67.0 -67.0 -70.0
237.0 401.0 323.0 368.0 275.0 60.0 243.0 288.0 367.0 318.0 351.0 304.0 253.0 126.0 216.0 187.0 206.0 168.0 141.0 142.0 129.0 167.0 137.0 96.0 82.0 77.0 61.0 76.0 95.0 195.0 156.0 120.0 94.0 71.0 39.0 83.0 130.0 109.0 77.0 28.0 -25.0 -26.0 -29.0 -35.0 -44.0 -58.0 -63.0 -74.0 -76.0 -69.0 -59.0 -57.0 -53.0 -52.0 -53.0 -51.0 -58.0 -90.0 -64.0 -55.0 -55.0 -57.0 -59.0 -65.0 -53.0 -51.0 -51.0 -54.0 -61.0 -62.0 -59.0 -62.0 -66.0 -66.0 -66.0 -67.0 -67.0 -69.0 -70.0
365.0 431.0 397.0 422.0 352.0 77.0 194.0 393.0 273.0 335.0 284.0 303.0 276.0 217.0 212.0 211.0 227.0 189.0 75.0 75.0 84.0 69.0 73.0 70.0 61.0 65.0 72.0 75.0 73.0 64.0 84.0 101.0 81.0 70.0 85.0 104.0 92.0 100.0 0.0 -12.0 -26.0 -28.0 -31.0 -41.0 -50.0 -61.0 -65.0 -79.0 -64.0 -56.0 -50.0 -55.0 -49.0 -53.0 -54.0 -41.0 -75.0 -63.0 -64.0 -57.0 -55.0 -58.0 -59.0 -65.0 -53.0 -51.0 -51.0 -54.0 -63.0 -64.0 -60.0 -64.0 -67.0 -66.0 -68.0 -67.0 -66.0 -68.0 -71.0
398.0 434.0 403.0 405.0 467.0 204.0 291.0 279.0 220.0 246.0 248.0 197.0 160.0 192.0 215.0 186.0 132.0 97.0 82.0 46.0 57.0 58.0 50.0 58.0 52.0 72.0 81.0 118.0 96.0 227.0 112.0 59.0 53.0 46.0 47.0 70.0 92.0 4.0 -11.0 -24.0 -27.0 -30.0 -36.0 -47.0 -56.0 -68.0 -70.0 -65.0 -68.0 -47.0 -53.0 -60.0 -58.0 -54.0 -50.0 -50.0 -60.0 -65.0 -63.0 -60.0 -50.0 -57.0 -57.0 -63.0 -55.0 -50.0 -52.0 -55.0 -65.0 -64.0 -67.0 -66.0 -67.0 -67.0 -67.0 -67.0 -67.0 -68.0 -71.0
419.0 395.0 373.0 393.0 400.0 270.0 332.0 103.0 99.0 155.0 55.0 104.0 101.0 168.0 71.0 65.0 53.0 62.0 36.0 55.0 46.0 50.0 79.0 92.0 69.0 121.0 119.0 109.0 106.0 119.0 104.0 106.0 80.0 51.0 36.0 16.0 34.0 23.0 -7.0 -25.0 -30.0 -34.0 -43.0 -52.0 -48.0 -76.0 -81.0 -68.0 -69.0 -67.0 -64.0 -52.0 -50.0 -47.0 -49.0 -55.0 -63.0 -61.0 -61.0 -56.0 -50.0 -57.0 -56.0 -61.0 -53.0 -50.0 -55.0 -59.0 -64.0 -64.0 -68.0 -66.0 -66.0 -66.0 -67.0 -66.0 -68.0 -67.0 -70.0
661.0 325.0 348.0 272.0 348.0 352.0 82.0 138.0 229.0 120.0 113.0 88.0 53.0 65.0 61.0 63.0 36.0 36.0 54.0 63.0 57.0 133.0 153.0 152.0 203.0 101.0 88.0 247.0 135.0 113.0 154.0 126.0 102.0 60.0 27.0 51.0 41.0 47.0 -2.0 -29.0 -33.0 -38.0 -47.0 -49.0 -64.0 -66.0 -59.0 -58.0 -74.0 -77.0 -54.0 -58.0 -55.0 -55.0 -46.0 -51.0 -55.0 -57.0 -61.0 -55.0 -52.0 -58.0 -55.0 -60.0 -51.0 -51.0 -58.0 -57.0 -62.0 -63.0 -67.0 -65.0 -66.0 -64.0 -67.0 -66.0 -68.0 -67.0 -71.0
