Assets/Terrain/surface400.asc
ncols 400
nrows 400
xllcorner 81600.000000000000
yllcorner 5623425.000000000000
cellsize 1975.0
NODATA_value -32768
[rows 350 to 384 of 400, columns 79 to 157 of 400]
34.0 54.0 30.0 34.0 45.0 31.0 33.0 20.0 28.0 39.0 39.0 49.0 42.0 39.0 26.0 21.0 23.0 13.0 10.0 11.0 8.0 9.0 9.0 9.0 10.0 13.0 20.0 23.0 9.0 4.0 13.0 48.0 76.0 15.0 0.0 3.0 13.0 73.0 62.0 45.0 25.0 22.0 12.0 9.0 2.0 0.0 0.0 0.0 0.0 0.0 0.0 -21.0 -1.0 -18.0 -20.0 -5.0 -17.0 -15.0 -8.0 -9.0 -4.0 -2.0 -6.0 -10.0 -20.0 -15.0 -14.0 -15.0 -17.0 -24.0 -27.0 -33.0 -32.0 -39.0 -41.0 -39.0 -41.0 -35.0 -45.0
30.0 31.0 34.0 30.0 38.0 32.0 34.0 30.0 41.0 35.0 17.0 20.0 30.0 35.0 33.0 24.0 14.0 12.0 6.0 7.0 3.0 3.0 3.0 6.0 8.0 6.0 21.0 19.0 9.0 3.0 11.0 19.0 15.0 32.0 2.0 7.0 2.0 3.0 4.0 14.0 36.0 28.0 9.0 8.0 2.0 0.0 0.0 0.0 0.0 -2.0 -14.0 -8.0 -16.0 -6.0 -4.0 -15.0 -3.0 -20.0 -12.0 -4.0 -5.0 -4.0 -5.0 -16.0 -19.0 -14.0 -17.0 -20.0 -25.0 -26.0 -26.0 -39.0 -30.0 -39.0 -39.0 -39.0 -40.0 -40.0 -39.0
20.0 25.0 30.0 30.0 27.0 31.0 30.0 15.0 26.0 18.0 8.0 8.0 27.0 26.0 3.0 11.0 7.0 16.0 2.0 3.0 2.0 0.0 3.0 5.0 3.0 8.0 15.0 18.0 19.0 9.0 20.0 12.0 18.0 0.0 -1.0 2.0 3.0 4.0 0.0 0.0 -2.0 0.0 0.0 3.0 0.0 0.0 0.0 0.0 0.0 -15.0 -9.0 -13.0 -9.0 -17.0 -13.0 -13.0 -14.0 -6.0 -5.0 -1.0 -2.0 -7.0 -11.0 -19.0 -14.0 -16.0 -20.0 -22.0 -24.0 -24.0 -30.0 -28.0 -28.0 -36.0 -38.0 -39.0 -40.0 -41.0 -28.0
22.0 17.0 23.0 24.0 27.0 25.0 31.0 27.0 10.0 4.0 6.0 6.0 11.0 10.0 6.0 6.0 6.0 2.0 8.0 6.0 11.0 3.0 5.0 -2.0 8.0 -1.0 20.0 9.0 19.0 25.0 32.0 17.0 3.0 0.0 0.0 -10.0 -13.0 -12.0 -10.0 -9.0 -6.0 -6.0 -3.0 0.0 0.0 -1.0 -8.0 -14.0 -14.0 -14.0 -10.0 -15.0 -19.0 -13.0 -16.0 -10.0 0.0 -2.0 -9.0 -13.0 -15.0 -20.0 -20.0 -15.0 -13.0 -17.0 -20.0 -23.0 -22.0 -24.0 -29.0 -27.0 -29.0 -34.0 -35.0 -38.0 -40.0 -43.0 -38.0
15.0 17.0 21.0 23.0 22.0 23.0 23.0 11.0 11.0 9.0 10.0 6.0 5.0 5.0 10.0 11.0 5.0 9.0 46.0 52.0 82.0 51.0 64.0 33.0 3.0 0.0 5.0 9.0 8.0 23.0 29.0 9.0 0.0 0.0 0.0 0.0 0.0 0.0 0.0 -1.0 -6.0 -8.0 -11.0 -13.0 -14.0 -14.0 -13.0 -13.0 -12.0 -7.0 -19.0 -16.0 -10.0 -11.0 -5.0 -6.0 -3.0 -4.0 -8.0 -13.0 -14.0 -16.0 -11.0 -13.0 -16.0 -18.0 -20.0 -21.0 -21.0 -23.0 -25.0 -25.0 -31.0 -31.0 -35.0 -38.0 -39.0 -28.0 -43.0
18.0 18.0 15.0 15.0 20.0 21.0 21.0 11.0 10.0 34.0 44.0 34.0 26.0 31.0 27.0 29.0 30.0 43.0 21.0 29.0 82.0 54.0 50.0 41.0 10.0 6.0 0.0 4.0 0.0 1.0 1.0 11.0 0.0 2.0 1.0 1.0 2.0 0.0 7.0 0.0 0.0 0.0 -6.0 -8.0 -11.0 -21.0 -24.0 -19.0 -17.0 -13.0 -6.0 -7.0 -9.0 -5.0 -5.0 -8.0 -16.0 -18.0 -18.0 -16.0 -11.0 -6.0 -13.0 -16.0 -17.0 -17.0 -19.0 -20.0 -21.0 -23.0 -25.0 -23.0 -28.0 -33.0 -35.0 -40.0 -43.0 -27.0 -45.0
18.0 15.0 15.0 16.0 14.0 20.0 21.0 15.0 13.0 40.0 36.0 22.0 14.0 33.0 68.0 39.0 66.0 17.0 32.0 43.0 43.0 34.0 28.0 10.0 15.0 19.0 15.0 29.0 5.0 0.0 0.0 0.0 0.0 4.0 9.0 8.0 54.0 37.0 14.0 -1.0 0.0 0.0 -9.0 -7.0 -5.0 -9.0 -5.0 -3.0 -2.0 -5.0 -3.0 -3.0 -4.0 -4.0 -4.0 -3.0 -3.0 -3.0 -13.0 -20.0 -24.0 -27.0 -22.0 -20.0 -15.0 -12.0 -17.0 -20.0 -21.0 -22.0 -24.0 -25.0 -27.0 -33.0 -39.0 -43.0 -45.0 -35.0 -48.0
17.0 17.0 13.0 12.0 13.0 11.0 18.0 15.0 10.0 54.0 33.0 30.0 13.0 40.0 89.0 71.0 56.0 35.0 63.0 66.0 70.0 50.0 21.0 42.0 34.0 10.0 71.0 15.0 10.0 13.0 17.0 1.0 6.0 6.0 17.0 57.0 21.0 26.0 0.0 0.0 1.0 0.0 3.0 0.0 -1.0 -1.0 -3.0 -3.0 -2.0 -1.0 -3.0 0.0 -4.0 -4.0 -4.0 -5.0 -7.0 -12.0 -14.0 -11.0 -13.0 -11.0 -11.0 -10.0 -12.0 -13.0 -17.0 -19.0 -21.0 -22.0 -23.0 -27.0 -25.0 -28.0 -40.0 -42.0 -40.0 -41.0 -39.0
22.0 25.0 12.0 13.0 12.0 11.0 11.0 13.0 13.0 17.0 18.0 16.0 17.0 26.0 39.0 94.0 45.0 45.0 71.0 72.0 102.0 64.0 43.0 59.0 53.0 29.0 24.0 61.0 22.0 45.0 39.0 55.0 37.0 32.0 24.0 31.0 12.0 10.0 0.0 -2.0 -8.0 0.0 2.0 6.0 0.0 0.0 -1.0 -1.0 -2.0 -3.0 -2.0 -3.0 -4.0 -5.0 -4.0 -5.0 -5.0 -9.0 -11.0 -5.0 0.0 0.0 -1.0 -5.0 -9.0 -12.0 -15.0 -18.0 -20.0 -20.0 -22.0 -24.0 -25.0 -36.0 -41.0 -43.0 -25.0 -40.0 -40.0
54.0 20.0 19.0 11.0 21.0 13.0 11.0 12.0 35.0 18.0 20.0 28.0 41.0 31.0 44.0 48.0 39.0 50.0 59.0 59.0 75.0 70.0 57.0 72.0 65.0 55.0 63.0 55.0 70.0 60.0 76.0 113.0 76.0 67.0 22.0 4.0 0.0 0.0 -2.0 0.0 0.0 0.0 2.0 8.0 25.0 46.0 48.0 0.0 0.0 -1.0 -1.0 -3.0 -3.0 -4.0 -4.0 -3.0 -4.0 -5.0 -2.0 -3.0 -6.0 -9.0 -11.0 -12.0 -14.0 -12.0 -15.0 -18.0 -16.0 -18.0 -18.0 -28.0 -22.0 -43.0 -41.0 -46.0 -14.0 -42.0 -37.0
58.0 35.0 16.0 38.0 36.0 17.0 36.0 54.0 37.0 26.0 32.0 33.0 39.0 32.0 43.0 65.0 71.0 75.0 62.0 74.0 87.0 56.0 66.0 86.0 105.0 36.0 95.0 71.0 105.0 87.0 98.0 104.0 116.0 47.0 4.0 37.0 7.0 0.0 0.0 0.0 0.0 0.0 1.0 2.0 1.0 26.0 12.0 7.0 0.0 -1.0 -3.0 -4.0 -3.0 -2.0 -4.0 -4.0 -2.0 -3.0 0.0 -5.0 -2.0 -7.0 -8.0 -12.0 -14.0 -12.0 -13.0 -13.0 -14.0 -17.0 -18.0 -22.0 -28.0 -44.0 -44.0 -44.0 -32.0 -37.0 -40.0
17.0 30.0 20.0 44.0 36.0 29.0 37.0 37.0 36.0 34.0 44.0 65.0 66.0 67.0 63.0 86.0 138.0 86.0 92.0 119.0 106.0 96.0 103.0 117.0 41.0 92.0 137.0 132.0 115.0 123.0 78.0 100.0 56.0 26.0 67.0 21.0 60.0 21.0 13.0 5.0 34.0 10.0 1.0 1.0 1.0 1.0 1.0 0.0 0.0 0.0 -2.0 -1.0 -2.0 -2.0 -2.0 -1.0 0.0 -1.0 -1.0 -1.0 -1.0 0.0 14.0 26.0 0.0 -12.0 -13.0 -14.0 -15.0 -16.0 -18.0 -20.0 -42.0 -47.0 -44.0 -43.0 -39.0 -38.0 -39.0
40.0 37.0 18.0 37.0 21.0 50.0 63.0 61.0 67.0 42.0 75.0 106.0 102.0 107.0 63.0 136.0 126.0 149.0 104.0 122.0 127.0 129.0 146.0 132.0 136.0 97.0 149.0 148.0 158.0 124.0 157.0 143.0 5.0 80.0 117.0 56.0 62.0 55.0 27.0 18.0 33.0 21.0 5.0 0.0 0.0 0.0 3.0 4.0 -7.0 0.0 -1.0 0.0 5.0 18.0 13.0 35.0 5.0 2.0 2.0 14.0 29.0 27.0 30.0 40.0 39.0 -8.0 -11.0 -12.0 -15.0 -16.0 -16.0 -22.0 -44.0 -49.0 -44.0 -28.0 -40.0 -38.0 -38.0
42.0 36.0 19.0 42.0 19.0 26.0 45.0 73.0 62.0 70.0 115.0 161.0 152.0 121.0 120.0 146.0 149.0 165.0 118.0 150.0 160.0 158.0 157.0 132.0 167.0 175.0 187.0 163.0 185.0 173.0 164.0 73.0 5.0 154.0 144.0 117.0 107.0 109.0 57.0 51.0 32.0 9.0 8.0 4.0 1.0 -1.0 1.0 0.0 0.0 0.0 13.0 30.0 16.0 17.0 18.0 34.0 2.0 1.0 22.0 27.0 29.0 48.0 48.0 50.0 0.0 -7.0 -11.0 -11.0 -14.0 -20.0 -18.0 -23.0 -49.0 -47.0 -43.0 -13.0 -39.0 -39.0 -35.0
25.0 24.0 33.0 32.0 56.0 51.0 32.0 44.0 87.0 107.0 171.0 164.0 116.0 121.0 153.0 108.0 171.0 192.0 173.0 189.0 198.0 199.0 191.0 65.0 109.0 216.0 225.0 216.0 211.0 95.0 55.0 26.0 4.0 39.0 191.0 167.0 145.0 90.0 111.0 85.0 61.0 38.0 23.0 12.0 11.0 5.0 3.0 2.0 11.0 2.0 59.0 22.0 62.0 64.0 51.0 32.0 8.0 2.0 18.0 14.0 34.0 45.0 44.0 31.0 -5.0 -8.0 -11.0 -10.0 -15.0 -22.0 -20.0 -23.0 -52.0 -46.0 -44.0 -30.0 -37.0 -38.0 -36.0
24.0 46.0 52.0 52.0 59.0 53.0 72.0 47.0 144.0 119.0 181.0 165.0 173.0 164.0 174.0 161.0 182.0 241.0 226.0 215.0 231.0 142.0 96.0 84.0 68.0 89.0 119.0 98.0 84.0 66.0 43.0 21.0 7.0 4.0 49.0 120.0 171.0 164.0 140.0 119.0 81.0 71.0 53.0 44.0 35.0 17.0 13.0 7.0 6.0 12.0 66.0 77.0 63.0 27.0 17.0 22.0 8.0 2.0 2.0 2.0 1.0 4.0 0.0 -3.0 -5.0 -7.0 -10.0 -10.0 -16.0 -17.0 -19.0 -24.0 -51.0 -43.0 -40.0 -39.0 -37.0 -38.0 -39.0
33.0 42.0 73.0 71.0 101.0 94.0 124.0 37.0 105.0 164.0 176.0 167.0 164.0 186.0 194.0 145.0 208.0 267.0 192.0 149.0 116.0 106.0 80.0 91.0 109.0 147.0 144.0 88.0 113.0 104.0 67.0 44.0 26.0 33.0 21.0 66.0 101.0 188.0 164.0 153.0 100.0 98.0 77.0 73.0 42.0 55.0 39.0 30.0 32.0 92.0 98.0 63.0 56.0 32.0 6.0 -2.0 18.0 17.0 8.0 2.0 2.0 4.0 0.0 -1.0 -7.0 -11.0 -12.0 -5.0 -16.0 -24.0 -28.0 -52.0 -51.0 -42.0 -27.0 -38.0 -38.0 -38.0 -37.0
66.0 92.0 118.0 145.0 180.0 132.0 124.0 42.0 190.0 110.0 203.0 223.0 100.0 91.0 126.0 188.0 221.0 109.0 141.0 124.0 137.0 143.0 131.0 138.0 151.0 153.0 200.0 70.0 154.0 141.0 103.0 85.0 86.0 80.0 11.0 47.0 63.0 80.0 178.0 181.0 155.0 153.0 84.0 83.0 85.0 44.0 66.0 36.0 56.0 116.0 50.0 55.0 18.0 38.0 38.0 28.0 2.0 21.0 21.0 6.0 5.0 3.0 0.0 -1.0 -9.0 -12.0 -4.0 0.0 -20.0 -20.0 -28.0 -52.0 -48.0 -41.0 -12.0 -38.0 -36.0 -35.0 -38.0
127.0 174.0 197.0 194.0 201.0 167.0 71.0 51.0 54.0 65.0 81.0 91.0 82.0 107.0 134.0 104.0 125.0 85.0 129.0 189.0 183.0 211.0 210.0 203.0 205.0 123.0 97.0 81.0 151.0 98.0 54.0 48.0 15.0 39.0 36.0 52.0 49.0 58.0 74.0 146.0 177.0 166.0 137.0 105.0 98.0 58.0 91.0 97.0 84.0 72.0 80.0 11.0 30.0 40.0 37.0 13.0 11.0 3.0 8.0 27.0 0.0 4.0 0.0 -4.0 -10.0 -13.0 -9.0 -13.0 -18.0 -26.0 -51.0 -51.0 -43.0 -40.0 -29.0 -34.0 -38.0 -37.0 -38.0
47.0 77.0 97.0 88.0 131.0 132.0 76.0 104.0 49.0 56.0 58.0 69.0 71.0 77.0 87.0 112.0 82.0 68.0 83.0 93.0 81.0 87.0 86.0 98.0 87.0 62.0 82.0 63.0 44.0 36.0 84.0 60.0 76.0 100.0 69.0 98.0 104.0 96.0 81.0 100.0 140.0 186.0 186.0 143.0 120.0 103.0 85.0 104.0 77.0 51.0 32.0 86.0 71.0 59.0 23.0 47.0 42.0 21.0 31.0 23.0 8.0 1.0 5.0 -6.0 -11.0 -10.0 -9.0 -1.0 -10.0 -41.0 -52.0 -51.0 -41.0 -40.0 -37.0 -38.0 -38.0 -38.0 -39.0
103.0 88.0 87.0 130.0 151.0 171.0 164.0 81.0 62.0 61.0 51.0 53.0 72.0 62.0 66.0 74.0 69.0 70.0 77.0 62.0 65.0 81.0 71.0 62.0 49.0 47.0 46.0 47.0 27.0 25.0 17.0 12.0 36.0 92.0 123.0 106.0 104.0 124.0 139.0 107.0 119.0 114.0 158.0 178.0 136.0 121.0 121.0 80.0 95.0 104.0 73.0 57.0 78.0 71.0 73.0 76.0 57.0 50.0 41.0 41.0 29.0 0.0 1.0 -6.0 -9.0 -14.0 -1.0 -20.0 0.0 -51.0 -50.0 -43.0 -41.0 -29.0 -38.0 -40.0 -38.0 -33.0 -39.0
50.0 107.0 165.0 170.0 168.0 246.0 217.0 105.0 84.0 68.0 55.0 59.0 58.0 78.0 118.0 85.0 51.0 60.0 48.0 54.0 50.0 47.0 54.0 54.0 36.0 35.0 34.0 23.0 19.0 15.0 13.0 12.0 12.0 14.0 25.0 25.0 57.0 78.0 65.0 124.0 124.0 91.0 104.0 140.0 187.0 168.0 167.0 148.0 25.0 121.0 133.0 67.0 133.0 117.0 47.0 93.0 80.0 44.0 47.0 27.0 39.0 4.0 3.0 -8.0 -14.0 -17.0 -13.0 -1.0 -25.0 -51.0 -50.0 -44.0 -41.0 -31.0 -39.0 -39.0 -38.0 -37.0 -38.0
51.0 71.0 175.0 132.0 110.0 180.0 151.0 99.0 82.0 67.0 77.0 55.0 57.0 57.0 69.0 53.0 50.0 46.0 45.0 45.0 45.0 50.0 62.0 79.0 28.0 26.0 33.0 47.0 18.0 16.0 12.0 14.0 14.0 17.0 21.0 17.0 22.0 43.0 42.0 46.0 53.0 81.0 76.0 89.0 152.0 135.0 88.0 56.0 45.0 73.0 146.0 135.0 134.0 133.0 104.0 99.0 87.0 80.0 66.0 46.0 27.0 32.0 18.0 -6.0 -16.0 -20.0 -17.0 -3.0 -35.0 -51.0 -45.0 -40.0 -41.0 -32.0 -40.0 -39.0 -35.0 -37.0 -24.0
56.0 64.0 83.0 105.0 89.0 84.0 80.0 80.0 72.0 96.0 64.0 60.0 59.0 60.0 76.0 60.0 62.0 56.0 80.0 98.0 96.0 119.0 79.0 34.0 97.0 110.0 48.0 106.0 64.0 25.0 24.0 15.0 17.0 20.0 26.0 20.0 17.0 24.0 26.0 30.0 31.0 53.0 82.0 59.0 68.0 92.0 61.0 33.0 88.0 128.0 106.0 145.0 139.0 111.0 108.0 82.0 120.0 91.0 89.0 74.0 60.0 52.0 32.0 -9.0 -21.0 -22.0 0.0 -7.0 -49.0 -51.0 -43.0 -42.0 -38.0 -40.0 -39.0 -34.0 -37.0 -19.0 -12.0
54.0 59.0 67.0 89.0 93.0 65.0 74.0 101.0 101.0 110.0 63.0 60.0 61.0 71.0 79.0 66.0 91.0 111.0 141.0 108.0 111.0 72.0 99.0 49.0 95.0 119.0 99.0 106.0 71.0 101.0 66.0 37.0 21.0 18.0 33.0 35.0 19.0 21.0 23.0 29.0 42.0 41.0 53.0 50.0 54.0 47.0 56.0 32.0 46.0 183.0 134.0 150.0 152.0 142.0 135.0 98.0 129.0 128.0 111.0 80.0 76.0 64.0 58.0 -16.0 -22.0 -24.0 -5.0 -26.0 -50.0 -50.0 -44.0 -43.0 -33.0 -34.0 -39.0 -35.0 -13.0 -37.0 -37.0
51.0 49.0 57.0 61.0 72.0 59.0 64.0 69.0 117.0 80.0 65.0 71.0 70.0 79.0 106.0 109.0 104.0 117.0 104.0 110.0 100.0 95.0 46.0 117.0 102.0 101.0 103.0 143.0 129.0 95.0 67.0 59.0 45.0 34.0 30.0 24.0 22.0 22.0 30.0 24.0 25.0 27.0 38.0 48.0 45.0 62.0 35.0 52.0 60.0 157.0 171.0 165.0 159.0 95.0 141.0 138.0 142.0 130.0 118.0 120.0 97.0 90.0 61.0 -22.0 -24.0 -7.0 -26.0 -29.0 -50.0 -45.0 -44.0 -40.0 -37.0 -34.0 -31.0 -38.0 -36.0 -34.0 -36.0
54.0 67.0 72.0 72.0 71.0 37.0 84.0 85.0 91.0 101.0 78.0 80.0 77.0 105.0 115.0 99.0 128.0 97.0 114.0 109.0 58.0 86.0 39.0 107.0 65.0 78.0 123.0 103.0 135.0 100.0 59.0 76.0 58.0 49.0 79.0 36.0 46.0 25.0 43.0 34.0 29.0 41.0 43.0 38.0 67.0 43.0 40.0 47.0 59.0 77.0 156.0 165.0 152.0 133.0 134.0 148.0 140.0 79.0 102.0 46.0 124.0 103.0 -14.0 -26.0 -25.0 -26.0 -28.0 -50.0 -49.0 -45.0 -45.0 -36.0 -36.0 -37.0 -38.0 -36.0 -36.0 -35.0 -31.0
37.0 49.0 38.0 39.0 30.0 35.0 55.0 55.0 67.0 90.0 121.0 104.0 95.0 156.0 130.0 141.0 95.0 74.0 65.0 60.0 60.0 69.0 103.0 49.0 88.0 123.0 102.0 103.0 73.0 85.0 80.0 46.0 88.0 104.0 72.0 85.0 47.0 48.0 54.0 36.0 32.0 41.0 32.0 38.0 39.0 47.0 39.0 58.0 84.0 70.0 72.0 161.0 139.0 175.0 166.0 150.0 106.0 129.0 102.0 43.0 6.0 -16.0 -25.0 -26.0 -28.0 -28.0 -29.0 -51.0 -45.0 -45.0 -37.0 -36.0 -35.0 -38.0 -33.0 -36.0 -29.0 -29.0 -29.0
24.0 19.0 31.0 47.0 33.0 31.0 41.0 66.0 90.0 125.0 127.0 122.0 123.0 106.0 128.0 169.0 120.0 150.0 124.0 92.0 66.0 64.0 105.0 86.0 65.0 96.0 133.0 74.0 82.0 75.0 88.0 86.0 59.0 129.0 103.0 71.0 79.0 58.0 56.0 61.0 29.0 48.0 42.0 38.0 53.0 42.0 39.0 56.0 58.0 68.0 72.0 87.0 165.0 85.0 155.0 101.0 152.0 140.0 133.0 -7.0 -13.0 -22.0 -27.0 -27.0 -29.0 -36.0 -52.0 -50.0 -45.0 -41.0 -29.0 -36.0 -36.0 -38.0 -36.0 -29.0 -27.0 -27.0 -29.0
34.0 36.0 32.0 67.0 74.0 41.0 41.0 61.0 85.0 99.0 131.0 145.0 112.0 61.0 116.0 127.0 105.0 137.0 175.0 162.0 184.0 144.0 158.0 124.0 94.0 161.0 117.0 124.0 126.0 99.0 60.0 87.0 95.0 90.0 98.0 90.0 95.0 65.0 57.0 52.0 13.0 24.0 42.0 52.0 48.0 41.0 41.0 43.0 86.0 91.0 74.0 68.0 93.0 59.0 47.0 31.0 0.0 -13.0 -26.0 -18.0 -25.0 -27.0 -25.0 -28.0 -32.0 -48.0 -52.0 -48.0 -47.0 -31.0 -33.0 -38.0 -38.0 -39.0 -26.0 -27.0 -27.0 -28.0 -12.0
25.0 37.0 31.0 58.0 59.0 60.0 72.0 63.0 84.0 91.0 120.0 96.0 90.0 108.0 110.0 97.0 84.0 110.0 157.0 120.0 192.0 131.0 241.0 159.0 148.0 150.0 138.0 157.0 143.0 125.0 85.0 87.0 110.0 71.0 43.0 66.0 98.0 50.0 19.0 59.0 60.0 3.0 12.0 20.0 46.0 43.0 21.0 1.0 6.0 11.0 98.0 80.0 49.0 34.0 22.0 0.0 -27.0 -19.0 -19.0 -23.0 -33.0 -27.0 -27.0 -29.0 -40.0 -51.0 -50.0 -48.0 -45.0 -33.0 -35.0 -39.0 -38.0 -27.0 -27.0 -26.0 -26.0 -28.0 -27.0
32.0 24.0 25.0 32.0 28.0 38.0 49.0 68.0 94.0 78.0 82.0 60.0 64.0 44.0 47.0 61.0 91.0 96.0 94.0 127.0 172.0 173.0 148.0 151.0 166.0 140.0 119.0 106.0 83.0 113.0 92.0 73.0 80.0 60.0 67.0 16.0 33.0 51.0 35.0 47.0 41.0 4.0 10.0 39.0 2.0 0.0 1.0 1.0 0.0 0.0 0.0 3.0 -5.0 -8.0 -15.0 -19.0 -20.0 -21.0 -21.0 -23.0 -24.0 -25.0 -31.0 -28.0 -45.0 -51.0 -50.0 -49.0 -39.0 -34.0 -37.0 -37.0 -33.0 -33.0 -29.0 -29.0 -28.0 -27.0 -27.0
13.0 20.0 24.0 31.0 22.0 31.0 34.0 40.0 38.0 63.0 116.0 105.0 121.0 99.0 46.0 44.0 60.0 67.0 84.0 93.0 78.0 73.0 89.0 108.0 101.0 110.0 61.0 88.0 42.0 91.0 80.0 75.0 72.0 27.0 45.0 41.0 5.0 10.0 26.0 2.0 2.0 2.0 10.0 0.0 1.0 1.0 2.0 0.0 1.0 1.0 0.0 -5.0 -6.0 -18.0 -20.0 -21.0 -21.0 -22.0 -23.0 -23.0 -26.0 -28.0 -28.0 -30.0 -48.0 -51.0 -54.0 -43.0 -40.0 -36.0 -41.0 -38.0 -36.0 -34.0 -31.0 -27.0 -27.0 -23.0 -28.0
8.0 15.0 35.0 24.0 15.0 18.0 21.0 45.0 41.0 31.0 50.0 70.0 50.0 96.0 47.0 53.0 33.0 37.0 47.0 44.0 64.0 63.0 41.0 78.0 134.0 71.0 67.0 39.0 86.0 24.0 30.0 21.0 50.0 53.0 42.0 38.0 12.0 1.0 0.0 31.0 52.0 33.0 2.0 1.0 2.0 2.0 0.0 2.0 1.0 2.0 -3.0 -6.0 -16.0 -21.0 -22.0 -22.0 -23.0 -23.0 -22.0 -25.0 -31.0 -27.0 -27.0 -37.0 -47.0 -54.0 -49.0 -46.0 -42.0 -45.0 -38.0 -37.0 -33.0 -30.0 -28.0 -28.0 -28.0 -28.0 -26.0
51.0 50.0 42.0 27.0 16.0 11.0 17.0 22.0 22.0 29.0 16.0 20.0 31.0 49.0 48.0 46.0 34.0 27.0 36.0 36.0 34.0 42.0 68.0 88.0 113.0 83.0 115.0 120.0 87.0 87.0 26.0 44.0 11.0 55.0 3.0 11.0 46.0 17.0 26.0 1.0 2.0 2.0 2.0 1.0 2.0 1.0 1.0 1.0 2.0 0.0 -4.0 -14.0 -20.0 -22.0 -24.0 -25.0 -23.0 -24.0 -25.0 -26.0 -28.0 -26.0 -26.0 -49.0 -46.0 -52.0 -55.0 -50.0 -44.0 -38.0 -36.0 -34.0 -31.0 -30.0 -29.0 -28.0 -24.0 -26.0 -26.0
